1.05543;7.8125e-05;2.56289
2.16407;7.8125e-05;3.49893
3.20568;0.000195312;4.2349
4.23927;0.00046875;4.51663
5.36663;0.000742187;5.20606
6.47158;0.00101562;6.07357
7.52883;0.00132813;6.62893
8.68706;0.00171875;7.13463
9.69121;0.00203125;7.60636
10.7593;0.00246094;8.0711
11.8889;0.00292969;8.80705
13.0771;0.00347656;8.98455
14.3225;0.00414062;9.41846
15.6234;0.00476563;9.84045
16.6383;0.00535156;10.2746
17.6759;0.0059375;10.6718
18.7497;0.0065625;10.8595
19.8462;0.00726563;11.2465
20.9774;0.00796875;11.4294
22.1311;0.00875;11.807
23.3183;0.00957031;11.9853
24.5278;0.0103906;12.3553
25.7699;0.0113281;12.5297
27.0342;0.0123047;12.7164
28.3301;0.0133594;13.0644
29.6482;0.0144141;13.4229
30.9856;0.0155078;13.4058
32.3144;0.0166797;13.2595
33.6675;0.0178516;13.635
35.0453;0.0190234;13.8589
36.4551;0.0203125;14.2403
37.8887;0.0216016;14.5616
39.3518;0.0230078;14.7268
40.8378;0.0244141;15.0613
41.8433;0.0254297;15.103
42.8597;0.0264844;15.2678
43.8868;0.0275391;15.43
44.9246;0.0286328;15.7064
45.9728;0.0297266;15.8607
47.0314;0.0308594;16.0132
48.1002;0.0320312;16.0583
49.1791;0.0332031;16.3138
50.268;0.0344531;16.3623
51.3669;0.0357031;16.5122
52.4756;0.0369922;16.6609
53.5941;0.0383203;16.8925
54.7224;0.0396484;16.955
55.8603;0.0410156;17.1802
57.0078;0.0424219;17.3311
58.1648;0.0438281;17.4732
59.3314;0.0453125;17.5318
60.5074;0.0468359;17.674
61.6928;0.0483594;17.8154
62.8876;0.0499219;18.0362
64.0917;0.0514844;18.0964
65.3051;0.053125;18.3148
66.5278;0.0547656;18.375
67.7598;0.0564453;18.5136
69.0009;0.0581641;18.6516
70.2512;0.0599219;18.8668
71.5107;0.0617187;18.9264
72.7793;0.0635156;19.0631
74.057;0.0653906;19.1995
75.3437;0.0672656;19.3354
76.6395;0.0692187;19.471
77.9443;0.0711719;19.683
79.2582;0.0732031;19.7412
80.581;0.0752344;19.9522
81.9127;0.0773047;20.0099
83.2534;0.0794141;20.1438
84.603;0.0815625;20.2774
85.9585;0.08375;20.3332
87.3126;0.0859375;20.313
88.6655;0.088125;20.3826
90.0267;0.0903906;20.4515
91.3981;0.0926562;20.6055
92.7794;0.0949609;20.8341
94.1701;0.0973047;20.8943
95.5699;0.0996484;21.0304
96.9786;0.10207;21.1618
98.3957;0.104531;21.2889
99.8212;0.107031;21.483
101.255;0.10957;21.6019
102.696;0.112187;21.7081
104.145;0.114805;21.8323
105.602;0.117461;21.8783
107.066;0.120156;21.9895
108.537;0.122891;22.1534
110.016;0.125625;22.2714
111.502;0.128438;22.378
112.995;0.13125;22.4836
114.495;0.134141;22.5884
116.001;0.137031;22.6299
117.515;0.14;22.7336
119.036;0.142969;22.8366
120.564;0.146016;22.9391
122.098;0.149062;23.0411
123.639;0.152187;23.1933
125.187;0.155312;23.2439
126.742;0.158516;23.395
128.303;0.161719;23.5063
129.871;0.165039;23.5953
131.445;0.16832;23.6452
133.027;0.17168;23.8057
134.615;0.175039;23.8442
136.209;0.178477;23.9928
137.81;0.181914;24.0422
139.418;0.18543;24.1409
141.032;0.188945;24.2393
142.653;0.192539;24.398
144.281;0.196133;24.4356
145.915;0.199805;24.5334
147.555;0.203477;24.6914
149.202;0.207227;24.7888
150.855;0.210977;24.8257
152.515;0.214805;24.9228
154.182;0.218672;25.0197
155.854;0.222617;25.1164
157.534;0.226563;25.273
159.219;0.230547;25.3092
160.911;0.23457;25.4053
162.61;0.238633;25.5013
164.315;0.242773;25.6571
166.026;0.246914;25.6927
167.744;0.251133;25.7882
169.468;0.255391;25.9433
171.198;0.259687;26.0384
172.934;0.264023;26.1332
174.677;0.268398;26.1682
176.427;0.272852;26.2628
178.182;0.277305;26.3572
179.944;0.281836;26.4514
181.712;0.286406;26.5924
183.487;0.291055;26.6393
185.267;0.295703;26.7331
187.054;0.300391;26.8266
188.847;0.305156;26.92
190.646;0.309961;27.0132
192.452;0.314805;27.1656
194.264;0.319687;27.2454
196.081;0.324609;27.2917
197.906;0.329609;27.3843
199.736;0.334648;27.4766
201.572;0.339727;27.628
203.415;0.344883;27.72
205.263;0.350039;27.7526
207.118;0.355273;27.8443
208.979;0.360547;27.9358
210.846;0.365898;28.0272
212.719;0.371289;28.1183
214.598;0.376719;28.2683
216.483;0.382187;28.3002
218.374;0.387734;28.4361
220.271;0.39332;28.4813
222.175;0.398945;28.5716
224.084;0.404648;28.6618
225.999;0.410391;28.7518
227.92;0.416172;28.8416
229.848;0.422031;28.99
231.781;0.42793;29.0795
233.72;0.433867;29.1101
235.665;0.439883;29.1993
237.616;0.445937;29.3327
239.573;0.45207;29.4357
241.536;0.458242;29.4658
243.505;0.464453;29.6128
245.48;0.470703;29.6426
247.46;0.477031;29.7308
249.447;0.483398;29.8188
251.439;0.489805;29.9067
253.437;0.496289;29.9943
254.438;0.499531;30.0965
255.441;0.502813;30.0819
256.445;0.506094;30.1255
257.451;0.509414;30.1692
258.458;0.512734;30.2128
259.466;0.516055;30.2564
260.476;0.519414;30.3434
261.488;0.522773;30.3434
262.501;0.526133;30.4451
263.515;0.529531;30.4303
264.531;0.53293;30.517
265.548;0.536328;30.5752
266.567;0.539766;30.6185
267.587;0.543203;30.6035
268.608;0.54668;30.6467
269.631;0.550156;30.6899
270.656;0.553633;30.733
271.682;0.557148;30.7761
272.709;0.560664;30.8208
273.736;0.56418;30.8208
274.763;0.567695;30.8023
275.789;0.57125;30.7854
276.814;0.574805;30.7707
277.839;0.578359;30.8038
278.866;0.581914;30.7892
279.893;0.585469;30.8789
280.922;0.589063;30.8641
281.952;0.592656;30.902
282.984;0.59625;30.9399
284.016;0.599844;31.0309
285.05;0.603477;31.0159
286.085;0.607109;31.054
287.122;0.610742;31.0921
288.159;0.614414;31.1303
289.198;0.618086;31.1684
290.238;0.621758;31.26
291.28;0.625469;31.2448
292.323;0.62918;31.3365
293.367;0.632891;31.3747
294.412;0.636602;31.3594
295.459;0.640352;31.4512
296.507;0.644102;31.4741
297.556;0.647852;31.5277
298.606;0.651641;31.5123
299.658;0.65543;31.5505
300.711;0.659258;31.6423
301.765;0.663086;31.6805
302.82;0.666914;31.7187
303.877;0.670781;31.7568
304.935;0.674648;31.7413
305.994;0.678516;31.7794
307.055;0.682461;31.8175
308.117;0.686367;31.8555
309.18;0.690273;31.8936
310.244;0.694219;31.9316
311.31;0.698164;31.9696
312.377;0.702109;32.0612
313.445;0.706094;32.0992
314.514;0.710078;32.0834
315.585;0.714102;32.1213
316.657;0.718125;32.1592
317.73;0.722148;32.2506
318.805;0.726211;32.2884
319.881;0.730273;32.2726
320.958;0.734336;32.3103
322.036;0.738437;32.4017
323.115;0.742539;32.3857
324.196;0.746641;32.4234
325.278;0.750781;32.5146
326.361;0.754922;32.5522
327.446;0.759102;32.5898
328.532;0.763281;32.6273
329.619;0.767461;32.6648
330.707;0.77168;32.6487
331.797;0.775898;32.6861
332.887;0.780117;32.7236
333.979;0.784375;32.7609
335.073;0.788633;32.8518
336.167;0.792891;32.8356
337.263;0.797188;32.8729
338.36;0.801523;32.9636
339.458;0.805859;32.9845
340.557;0.810195;32.9845
341.658;0.814531;33.0217
342.76;0.818906;33.0588
343.863;0.823281;33.1493
344.968;0.827656;33.1863
346.073;0.83207;33.1699
347.18;0.836484;33.2069
348.288;0.840937;33.2438
349.398;0.845391;33.3341
350.508;0.849844;33.3177
351.62;0.854336;33.3545
352.733;0.858828;33.3913
353.847;0.86332;33.4814
354.963;0.867852;33.4649
356.08;0.872383;33.5016
357.197;0.876953;33.5383
358.317;0.881523;33.6282
359.437;0.886094;33.6115
360.559;0.890703;33.7014
361.681;0.895312;33.6847
362.805;0.899961;33.7744
363.931;0.904609;33.7577
365.057;0.909258;33.7941
366.185;0.913945;33.8305
367.314;0.918633;33.9201
368.444;0.923359;33.9565
369.575;0.928086;33.9928
370.707;0.932812;34.0291
371.841;0.937617;34.0121
372.976;0.942383;34.0483
374.112;0.947148;34.0845
375.25;0.951953;34.1568
376.388;0.956758;34.1568
377.528;0.961602;34.1929
378.669;0.966445;34.2289
379.811;0.971289;34.265
380.954;0.976172;34.3009
382.099;0.981055;34.3369
383.245;0.985977;34.3728
384.392;0.990898;34.4087
385.54;0.99582;34.4976
386.689;1.00078;34.4804
387.84;1.00574;34.5162
388.991;1.01223;34.5509
390.144;1.02152;34.5831
391.298;1.03512;34.6118
392.452;1.05453;34.6353
393.607;1.0816;34.6511
394.762;1.11812;34.6985
395.917;1.16348;34.663
397.072;1.21684;34.6821
398.228;1.27746;34.7343
399.384;1.34676;34.6928
400.54;1.42547;34.705
401.696;1.51371;34.7194
402.852;1.61168;34.7372
404.007;1.71926;34.7578
405.162;1.83594;34.7807
406.317;1.96176;34.807
407.472;2.09621;34.8839
408.626;2.23965;34.861
409.779;2.39289;34.8832
410.932;2.55625;34.9387
412.083;2.72977;34.9105
413.232;2.915;34.9134
414.381;3.10996;34.9233
415.529;3.3134;34.9953
416.676;3.52531;35.0149
417.823;3.74566;35.0377
418.968;3.9752;35.0628
420.113;4.21363;35.086
421.256;4.46145;35.0609
422.397;4.71969;35.082
423.537;4.98859;35.1362
424.674;5.26828;35.1063
425.808;5.56004;35.1368
426.939;5.86437;35.1365
428.067;6.17977;35.141
429.192;6.50617;35.1483
430.315;6.84203;35.1019
431.435;7.18918;35.1537
432.552;7.54887;35.1502
433.664;7.92125;35.1543
434.773;8.30504;35.1094
435.879;8.6998;35.175
436.981;9.10527;35.1381
438.079;9.5227;35.1528
439.172;9.95211;35.2056
440.261;10.3939;35.1694
441.344;10.8485;35.2022
442.421;11.3165;35.158
443.492;11.798;35.1371
444.557;12.2899;35.1597
445.615;12.7973;35.1016
446.667;13.3165;35.0926
447.71;13.8515;35.019
448.744;14.4002;34.9946
449.769;14.9636;34.9439
450.785;15.5407;34.8943
451.793;16.1312;34.7972
452.791;16.7335;34.7422
453.779;17.3542;34.7163
454.758;17.9866;34.6074
455.725;18.6331;34.5699
456.682;19.2928;34.5364
457.629;19.9653;34.5113
458.565;20.6507;34.4946
459.491;21.3484;34.5374
460.407;22.061;34.476
461.31;22.7864;34.4705
462.203;23.5228;34.4705
463.085;24.2708;34.4862
463.957;25.0297;34.513
464.819;25.7997;34.513
465.67;26.5806;34.521
466.511;27.3724;34.5231
467.34;28.1774;34.5127
468.159;28.9922;34.5116
468.966;29.8163;34.5065
469.761;30.6509;34.4934
470.545;31.4954;34.4703
471.317;32.3499;34.4755
472.076;33.2144;34.4071
472.823;34.0888;34.3655
473.558;34.9729;34.3286
474.278;35.87;34.3041
474.984;36.775;34.208
475.672;37.6896;34.1436
476.347;38.6135;33.9879
477.005;39.5461;33.9879
477.649;40.4876;33.912
478.277;41.4374;33.7748
478.89;42.3957;33.8134
479.487;43.362;33.7328
480.066;44.3362;33.617
480.625;45.3207;33.5135
481.166;46.3123;33.4092
481.687;47.3092;33.3263
482.189;48.3123;33.2409
482.673;49.3216;33.1761
483.14;50.3361;33.0845
483.588;51.3562;32.9591
484.017;52.3811;32.8883
484.424;53.4144;32.7418
484.813;54.4507;32.6727
485.179;55.4889;32.5944
485.527;56.5308;32.4712
485.859;57.5758;32.4642
486.173;58.6248;32.3623
486.472;59.6777;32.3194
486.748;60.7359;32.276
487.007;61.7952;32.2307
487.246;62.8551;32.2246
487.469;63.9174;32.2217
487.676;64.9813;32.2732
487.867;66.048;32.2234
488.043;67.1168;32.3018
488.203;68.1882;32.3246
488.348;69.2615;32.2901
488.478;70.3358;32.3734
488.594;71.4107;32.3452
488.699;72.4878;32.3854
488.793;73.5671;32.4724
488.877;74.6482;32.4724
488.95;75.7308;32.5819
489.016;76.8152;32.5605
489.074;77.9009;32.6069
489.126;78.9885;32.7199
489.171;80.0779;32.6988
489.209;81.1682;32.7382
489.24;82.2602;32.7728
489.266;83.3535;32.8599
489.288;84.4485;32.8599
489.307;85.5452;32.9684
489.321;86.6431;33.0114
489.332;87.7426;32.9901
489.34;88.8438;33.0327
489.344;89.946;33.0749
489.346;91.0498;33.1175
489.345;92.1549;33.159
489.342;93.2613;33.2618
489.337;94.3693;33.2417
489.331;95.4784;33.2822
489.323;96.5888;33.3826
489.314;97.7007;33.3628
489.305;98.8137;33.4608
489.296;99.9282;33.4413
489.289;101.044;33.4774
489.285;102.16;33.5099
489.287;103.278;33.5374
489.293;104.397;33.5693
489.305;105.516;33.6397
489.325;106.637;33.6631
489.351;107.758;33.6305
489.384;108.88;33.6552
489.422;110.002;33.6783
489.47;111.125;33.7474
489.527;112.249;33.7148
489.594;113.371;33.7784
489.67;114.495;33.7449
489.753;115.618;33.7674
489.844;116.742;33.8477
489.944;117.866;33.8704
490.052;118.989;33.8445
490.17;120.112;33.8662
490.298;121.235;33.9217
490.436;122.357;33.8913
490.586;123.477;33.9249
490.748;124.596;33.8854
490.923;125.712;33.9142
491.11;126.827;33.8627
491.307;127.94;33.9134
491.515;129.052;33.8622
491.736;130.162;33.8625
491.969;131.271;33.8566
492.216;132.377;33.9153
492.474;133.48;33.8718
492.744;134.58;33.8882
493.027;135.678;33.9019
493.321;136.772;33.9123
493.629;137.862;33.9566
493.95;138.949;33.9169
494.284;140.031;33.9081
494.632;141.111;33.9602
494.992;142.188;33.9112
495.362;143.26;33.9218
495.743;144.327;33.9409
496.135;145.392;34.0166
496.536;146.454;33.9847
496.947;147.513;34.0115
497.368;148.568;34.0932
497.798;149.621;34.0671
498.238;150.674;34.1001
498.686;151.722;34.1251
499.143;152.765;34.2085
499.606;153.807;34.1826
500.075;154.847;34.2151
500.55;155.885;34.3033
501.032;156.922;34.2793
501.521;157.956;34.3635
502.015;158.989;34.3393
502.515;160.023;34.3738
503.018;161.056;34.4026
503.526;162.084;34.4331
504.041;163.111;34.4591
504.561;164.135;34.5355
505.087;165.158;34.5074
505.617;166.18;34.591
506.152;167.201;34.5629
506.695;168.22;34.6309
507.246;169.235;34.5982
507.805;170.244;34.6048
508.371;171.25;34.639
508.942;172.254;34.639
509.519;173.255;34.6582
510.104;174.252;34.674
510.697;175.245;34.7296
511.299;176.233;34.6905
511.913;177.216;34.687
512.534;178.194;34.7456
513.162;179.165;34.7017
513.799;180.133;34.7097
514.444;181.094;34.7125
515.099;182.049;34.7096
515.762;182.999;34.7711
516.432;183.944;34.7276
517.112;184.885;34.7415
517.8;185.819;34.7508
518.496;186.746;34.8015
519.202;187.666;34.7586
519.915;188.58;34.7692
520.635;189.49;34.785
521.362;190.394;34.7977
522.098;191.292;34.8061
522.843;192.183;34.8087
523.595;193.068;34.8764
524.353;193.948;34.8369
525.118;194.823;34.8557
525.89;195.694;34.9276
526.668;196.558;34.9414
527.454;197.417;34.9054
528.247;198.268;34.9129
529.046;199.115;34.9863
529.851;199.958;34.9503
530.661;200.796;34.972
531.477;201.63;34.995
532.297;202.46;35.0189
533.123;203.286;35.0444
533.954;204.109;35.0707
534.789;204.927;35.0934
535.63;205.74;35.1132
536.475;206.551;35.1405
537.323;207.358;35.2147
538.177;208.161;35.2308
539.037;208.959;35.2533
539.901;209.753;35.2213
540.769;210.544;35.2473
541.641;211.333;35.272
542.516;212.117;35.3538
543.396;212.899;35.3255
544.281;213.677;35.3487
545.169;214.452;35.3771
546.061;215.225;35.406
546.955;215.994;35.4337
547.854;216.762;35.5195
548.756;217.528;35.4949
549.659;218.291;35.5239
550.566;219.053;35.557
551.475;219.814;35.5879
552.386;220.574;35.619
553.3;221.333;35.6525
554.216;222.091;35.6818
555.135;222.845;35.7095
556.057;223.6;35.7434
556.979;224.354;35.7745
557.904;225.107;35.8609
558.833;225.86;35.8397
559.762;226.608;35.864
560.697;227.353;35.9433
561.635;228.098;35.9209
562.574;228.84;36.0068
563.518;229.58;35.9853
564.465;230.318;36.0615
565.415;231.05;36.085
566.372;231.778;36.0615
567.333;232.499;36.0757
568.299;233.215;36.098
569.27;233.929;36.1257
570.244;234.637;36.147
571.224;235.338;36.1671
572.212;236.032;36.1788
573.203;236.718;36.1846
574.202;237.393;36.212
575.209;238.06;36.1957
576.219;238.716;36.1486
577.239;239.359;36.1187
578.263;239.995;36.1332
579.295;240.617;36.0642
580.333;241.232;36.0423
581.378;241.834;36.0223
582.431;242.422;36.0307
583.488;242.998;35.9644
584.554;243.557;35.9731
585.627;244.105;35.8978
586.704;244.637;35.9036
587.79;245.153;35.8293
588.88;245.655;35.8116
589.976;246.139;35.7344
591.079;246.607;35.6774
592.186;247.058;35.6136
593.298;247.492;35.5492
594.416;247.908;35.476
595.538;248.307;35.4022
596.664;248.688;35.3369
597.795;249.053;35.2769
598.929;249.402;35.2354
600.068;249.734;35.2504
601.21;250.051;35.1745
602.355;250.348;35.2206
603.505;250.632;35.1594
604.657;250.9;35.176
605.813;251.151;35.2491
606.972;251.387;35.2202
608.133;251.607;35.2516
609.297;251.813;35.3478
610.464;252.005;35.3338
611.633;252.184;35.3797
612.805;252.351;35.4322
613.979;252.507;35.4854
615.156;252.652;35.5406
616.335;252.787;35.5983
617.517;252.915;35.7171
618.701;253.035;35.7768
619.887;253.148;35.7743
621.077;253.256;35.8339
622.267;253.36;35.9541
623.46;253.46;35.9513
624.655;253.558;36.0703
625.852;253.654;36.0675
627.051;253.752;36.1243
628.252;253.848;36.1806
629.454;253.944;36.2367
630.659;254.041;36.3516
631.866;254.138;36.3476
633.073;254.237;36.3996
634.282;254.337;36.5086
635.494;254.438;36.5086
636.707;254.541;36.5617
637.921;254.645;36.6152
639.138;254.75;36.7206
640.355;254.857;36.7206
641.575;254.965;36.8266
642.796;255.076;36.8738
644.018;255.19;36.9174
645.241;255.309;36.9128
646.465;255.431;36.9618
647.691;255.555;37.0113
648.918;255.683;37.06
650.147;255.814;37.1086
651.377;255.948;37.1574
652.608;256.087;37.2066
653.84;256.228;37.308
655.073;256.373;37.3043
656.308;256.521;37.4071
657.544;256.672;37.4043
658.781;256.826;37.4542
660.02;256.983;37.5044
661.259;257.142;37.6074
662.501;257.303;37.605
663.744;257.465;37.6542
664.987;257.63;37.7044
666.233;257.796;37.755
667.48;257.963;37.805
668.729;258.132;37.9075
669.979;258.301;37.9056
671.23;258.472;37.9558
672.484;258.644;38.0062
673.739;258.815;38.0553
674.994;258.989;38.104
676.251;259.167;38.1507
677.509;259.349;38.193
678.768;259.538;38.2299
680.027;259.731;38.2722
681.287;259.927;38.3164
682.548;260.128;38.3596
683.81;260.334;38.4499
685.071;260.546;38.4418
686.333;260.766;38.4773
687.595;260.996;38.5057
688.855;261.236;38.5723
690.115;261.484;38.5532
691.374;261.74;38.6363
692.633;262.003;38.6687
693.892;262.274;38.6862
695.149;262.555;38.7296
696.406;262.846;38.7129
697.662;263.146;38.7482
698.916;263.455;38.7863
700.17;263.773;38.826
701.422;264.097;38.8653
702.675;264.43;38.9117
703.927;264.769;39.0071
705.178;265.117;39.0035
706.429;265.471;39.0522
707.68;265.833;39.1011
708.93;266.2;39.1516
710.179;266.571;39.1981
711.427;266.948;39.2951
712.679;267.333;39.2932
713.928;267.725;39.363
715.174;268.126;39.3978
716.419;268.537;39.3864
717.66;268.96;39.3977
718.898;269.389;39.4113
720.134;269.826;39.4308
721.369;270.276;39.4348
722.602;270.74;39.4606
723.827;271.217;39.4474
725.046;271.709;39.4219
726.259;272.215;39.3563
727.465;272.732;39.3162
728.664;273.261;39.286
729.86;273.803;39.2575
731.052;274.366;39.2049
732.232;274.942;39.1565
733.4;275.537;39.1117
734.56;276.146;39.054
735.708;276.767;38.9933
736.847;277.4;38.9467
737.98;278.049;38.8818
739.102;278.718;38.7689
740.211;279.408;38.6924
741.302;280.111;38.6157
742.383;280.83;38.4194
743.45;281.559;38.4194
744.505;282.3;38.3461
745.55;283.057;38.2529
746.582;283.832;38.1121
747.595;284.633;37.953
748.587;285.445;37.7951
749.559;286.273;37.7161
750.516;287.109;37.5674
751.458;287.956;37.4637
752.386;288.819;37.3402
753.302;289.693;37.2025
754.196;290.595;36.996
755.072;291.505;36.8343
755.914;292.427;36.7168
756.744;293.358;36.5771
757.553;294.298;36.466
758.346;295.248;36.3557
759.123;296.21;36.2459
759.879;297.19;36.0418
760.607;298.19;35.82
761.306;299.193;35.6866
761.979;300.207;35.5791
762.635;301.227;35.4943
763.27;302.254;35.3476
763.886;303.286;35.2451
764.484;304.329;35.1383
765.056;305.39;34.7635
765.604;306.458;34.7964
766.12;307.524;34.6637
766.615;308.599;34.5486
767.089;309.677;34.443
767.543;310.761;34.3366
767.976;311.846;34.2346
768.39;312.935;34.1689
768.783;314.029;34.0464
769.147;315.138;33.8758
769.493;316.244;33.7553
769.805;317.346;33.6387
770.097;318.453;33.5127
770.368;319.559;33.4021
770.617;320.666;33.1629
770.845;321.772;33.1568
771.053;322.877;33.0269
771.237;323.983;32.8951
771.394;325.092;32.7004
771.531;326.194;32.5343
771.638;327.29;32.3921
771.724;328.385;32.2491
771.79;329.476;32.1169
771.836;330.564;31.9912
771.862;331.649;31.882
771.87;332.732;31.792
771.859;333.81;31.7169
771.827;334.886;31.6509
771.772;335.96;31.5793
771.701;337.029;31.5118
771.604;338.09;31.4183
771.49;339.147;31.4183
771.357;340.2;31.3875
771.206;341.248;31.41
771.039;342.293;31.3642
770.853;343.332;31.3607
770.65;344.367;31.358
770.43;345.397;31.3543
770.194;346.422;31.3481
769.939;347.441;31.335
769.669;348.455;31.3169
769.382;349.462;31.2983
769.08;350.465;31.2896
768.761;351.462;31.3014
768.429;352.453;31.2567
768.082;353.438;31.2383
767.719;354.416;31.1786
767.338;355.389;31.1786
766.942;356.355;31.1699
766.529;357.311;31.1031
766.101;358.259;31.0889
765.657;359.199;31.012
765.197;360.129;30.9608
764.724;361.052;30.919
764.237;361.967;30.8903
763.736;362.874;30.9277
763.221;363.774;30.9143
762.688;364.666;30.8478
762.142;365.547;30.8328
761.58;366.415;30.8232
761.005;367.273;30.812
760.418;368.122;30.7989
759.817;368.959;30.7843
759.204;369.786;30.7928
758.577;370.603;30.7363
757.933;371.408;30.7298
757.275;372.2;30.6585
756.602;372.977;30.614
755.918;373.74;30.5729
755.22;374.489;30.53
754.511;375.226;30.4828
753.789;375.949;30.464
753.056;376.658;30.378
752.311;377.352;30.3205
751.554;378.033;30.2692
750.782;378.699;30.2242
750.001;379.352;30.2102
749.21;379.984;30.1303
748.408;380.602;30.0786
747.596;381.204;30.0563
746.775;381.789;30
745.945;382.359;29.9127
745.105;382.911;29.8552
744.25;383.443;29.8001
743.389;383.958;29.6913
741.647;384.928;29.5895
739.878;385.836;29.5217
738.081;386.688;29.5039
736.258;387.477;29.523
734.403;388.203;29.6172
732.537;388.867;29.638
730.65;389.485;29.7254
728.744;390.064;29.896
726.823;390.607;29.9443
725.853;390.867;30.0043
724.882;391.122;30.123
723.91;391.371;30.1135
722.936;391.614;30.1675
721.958;391.855;30.2261
720.978;392.095;30.3471
719.995;392.333;30.3378
719.01;392.57;30.4571
718.023;392.806;30.5113
717.034;393.04;30.5018
716.042;393.274;30.5545
715.048;393.508;30.6062
714.052;393.741;30.707
713.057;393.974;30.7681
712.059;394.209;30.8169
711.059;394.444;30.8063
710.058;394.679;30.915
709.055;394.914;30.9044
708.051;395.15;30.9517
707.047;395.384;30.9972
706.04;395.62;31.1037
705.027;395.856;31.0944
704.015;396.093;31.135
703.004;396.333;31.2361
701.992;396.576;31.274
700.98;396.823;31.2621
699.967;397.074;31.3069
698.954;397.325;31.3475
697.941;397.579;31.3897
696.928;397.838;31.4286
695.912;398.105;31.4628
694.893;398.378;31.5002
693.876;398.656;31.5346
692.863;398.938;31.5754
691.849;399.227;31.6118
690.837;399.524;31.6429
689.827;399.825;31.6909
688.82;400.135;31.6909
687.813;400.454;31.7066
686.809;400.785;31.7108
685.802;401.133;31.7028
684.802;401.49;31.6907
683.813;401.862;31.6739
682.829;402.247;31.6458
681.851;402.645;31.6494
680.878;403.054;31.58
679.912;403.475;31.5597
678.948;403.908;31.547
677.99;404.353;31.584
677.034;404.819;31.5584
676.088;405.298;31.5389
675.156;405.792;31.4855
674.234;406.302;31.4725
673.32;406.822;31.4526
672.414;407.355;31.4606
671.518;407.9;31.4077
670.629;408.458;31.3381
669.75;409.03;31.3381
668.878;409.627;31.3095
668.018;410.233;31.2263
667.179;410.854;31.1794
666.351;411.488;31.1597
665.535;412.134;31.0712
664.73;412.794;31.0097
663.939;413.466;30.9438
663.16;414.15;30.8736
662.397;414.85;30.8143
661.649;415.57;30.6807
660.916;416.299;30.6075
660.208;417.04;30.5187
659.514;417.793;30.3876
658.835;418.556;30.288
658.173;419.33;30.1851
657.527;420.114;30.0816
656.898;420.909;30.0067
656.287;421.713;29.8721
655.694;422.527;29.7676
655.123;423.356;29.6655
654.57;424.191;29.5124
653.529;425.887;29.3049
652.559;427.612;29.1444
651.664;429.365;28.9901
650.847;431.142;28.8406
650.107;432.94;28.7035
649.445;434.757;28.5784
648.861;436.59;28.4668
648.354;438.437;28.364
647.921;440.295;28.3089
647.555;442.166;28.3196
647.256;444.047;28.3688
647.018;445.938;28.4524
646.836;447.838;28.5585
646.702;449.746;28.7491
646.607;451.664;28.8555
646.55;453.588;28.9743
646.519;455.52;29.0278
646.508;457.461;29.1516
646.513;459.41;29.2734
646.531;461.367;29.4585
646.552;463.332;29.5072
646.577;465.303;29.6215
646.602;467.282;29.7942
646.625;469.269;29.8965
646.646;471.262;30.0095
646.666;473.264;30.1134
646.674;474.266;30.1076
646.683;475.27;30.1604
646.691;476.277;30.27
646.699;477.285;30.2649
646.706;478.295;30.3732
646.713;479.307;30.368
646.72;480.32;30.4193
646.726;481.335;30.5211
646.733;482.352;30.5772
646.74;483.37;30.5722
646.746;484.39;30.6221
646.753;485.411;30.6734
646.759;486.435;30.7247
646.765;487.46;30.8301
646.771;488.487;30.8255
646.777;489.516;30.8758
646.783;490.546;30.979
646.789;491.576;30.9747
646.794;492.61;31.0752
646.796;493.645;31.0712
646.794;494.682;31.1132
646.786;495.719;31.2033
646.774;496.759;31.1954
646.76;497.799;31.2414
646.741;498.842;31.3407
646.719;499.886;31.332
646.694;500.929;31.3734
646.665;501.973;31.4755
646.632;503.023;31.4704
646.595;504.074;31.5174
646.553;505.125;31.6194
646.508;506.177;31.6659
646.457;507.231;31.6603
646.401;508.286;31.7024
646.34;509.34;31.7402
646.274;510.395;31.7737
646.199;511.449;31.8026
646.116;512.506;31.8207
646.019;513.566;31.8712
645.912;514.624;31.8924
645.794;515.68;31.8592
645.668;516.737;31.8815
645.533;517.793;31.9035
645.389;518.847;31.9248
645.235;519.899;31.9507
645.071;520.952;32.013
644.896;522.005;31.9845
644.703;523.06;31.9831
644.495;524.11;31.973
644.273;525.156;31.9752
644.037;526.197;32.0039
643.789;527.234;31.959
643.528;528.267;31.9723
643.255;529.296;31.9245
642.967;530.323;31.8942
642.665;531.346;31.8657
642.344;532.367;31.8425
642.008;533.384;31.8276
641.659;534.392;31.8253
641.295;535.394;31.8363
640.921;536.391;31.8567
640.534;537.382;31.8567
640.134;538.369;31.9153
639.723;539.352;31.8811
639.297;540.33;31.8945
638.851;541.305;31.8972
638.391;542.273;31.8912
637.919;543.229;31.9167
637.433;544.176;31.9078
636.936;545.116;31.8615
636.426;546.05;31.8445
635.903;546.976;31.8194
635.367;547.895;31.8499
634.818;548.806;31.7878
634.251;549.711;31.7643
633.671;550.606;31.7298
633.077;551.486;31.6524
632.469;552.355;31.6524
631.848;553.213;31.6058
631.214;554.06;31.5532
630.567;554.895;31.4961
629.908;555.718;31.4338
629.235;556.529;31.3668
628.548;557.328;31.2999
627.845;558.114;31.2372
627.132;558.887;31.1687
626.407;559.639;31.116
625.669;560.38;31.049
624.921;561.106;31.0196
624.161;561.818;30.9661
623.391;562.516;30.9328
622.605;563.202;30.8337
621.81;563.873;30.7993
621.005;564.526;30.7793
620.19;565.162;30.7703
619.367;565.786;30.7537
618.536;566.396;30.7537
617.696;566.995;30.764
616.848;567.581;30.7825
615.992;568.157;30.8535
615.124;568.719;30.8105
614.248;569.268;30.8571
613.367;569.802;30.8546
612.479;570.321;30.81
611.585;570.827;30.8356
610.684;571.321;30.7834
609.777;571.802;30.743
608.863;572.269;30.7906
607.943;572.725;30.7259
607.013;573.168;30.7739
606.079;573.6;30.7755
605.141;574.019;30.7209
604.198;574.426;30.7953
603.251;574.822;30.7508
602.298;575.208;30.773
601.341;575.583;30.7974
600.379;575.948;30.8831
599.413;576.304;30.8505
598.44;576.651;30.9402
597.465;576.99;30.9646
596.487;577.318;30.9846
595.506;577.636;30.9509
594.522;577.947;31.0432
593.535;578.253;31.0116
592.546;578.553;31.0439
591.553;578.847;31.0735
590.557;579.133;31.0981
589.556;579.416;31.1316
588.554;579.694;31.2238
587.552;579.966;31.1937
586.547;580.234;31.2768
585.54;580.495;31.2978
584.53;580.749;31.3254
583.518;580.999;31.2936
582.505;581.245;31.3829
581.488;581.488;31.3524
580.468;581.725;31.3787
579.447;581.956;31.3983
578.425;582.179;31.4146
577.401;582.397;31.4388
576.375;582.611;31.4638
575.347;582.82;31.4899
574.318;583.025;31.5736
573.286;583.225;31.5427
572.252;583.421;31.6247
571.216;583.611;31.6443
570.179;583.796;31.671
569.141;583.977;31.639
568.101;584.154;31.6654
567.06;584.329;31.6912
566.018;584.499;31.7182
564.975;584.667;31.7447
563.93;584.833;31.772
562.882;584.996;31.7992
561.834;585.157;31.8818
560.785;585.316;31.9084
559.735;585.474;31.8779
558.684;585.63;31.9042
557.633;585.785;31.9298
556.58;585.939;31.9561
555.526;586.093;32.0383
554.472;586.246;32.0655
553.414;586.398;32.0843
552.358;586.55;32.0534
551.301;586.698;32.0781
550.241;586.842;32.0964
549.182;586.984;32.1768
548.12;587.125;32.145
547.058;587.264;32.1689
545.994;587.4;32.2407
544.929;587.53;32.256
543.862;587.653;32.2212
542.796;587.772;32.2353
541.729;587.888;32.2592
540.659;588.001;32.3342
539.589;588.109;32.3001
538.517;588.212;32.368
537.445;588.307;32.3328
536.371;588.395;32.398
535.295;588.477;32.4103
534.22;588.556;32.3734
533.145;588.628;32.4514
532.067;588.697;32.4164
530.988;588.761;32.4368
529.909;588.819;32.4554
528.828;588.869;32.4697
527.747;588.916;32.4914
526.665;588.958;32.5699
525.581;588.995;32.5362
524.498;589.029;32.6123
523.415;589.059;32.6351
522.329;589.086;32.603
521.243;589.11;32.6799
520.156;589.13;32.6476
519.068;589.144;32.7219
517.979;589.156;32.6889
516.89;589.166;32.7364
515.799;589.173;32.7364
514.709;589.178;32.8117
513.619;589.179;32.8295
512.526;589.176;32.8524
511.434;589.171;32.8194
510.34;589.163;32.8428
509.245;589.153;32.8652
508.15;589.141;32.8881
507.053;589.126;32.9121
505.958;589.109;32.988
504.86;589.09;32.9555
503.764;589.068;32.9761
502.665;589.042;32.995
501.567;589.015;33.0172
500.466;588.985;33.0625
499.366;588.954;33.1181
498.265;588.921;33.0854
497.162;588.885;33.1089
496.06;588.847;33.1253
494.959;588.804;33.1925
493.855;588.757;33.1587
492.752;588.706;33.2
491.648;588.653;33.2
490.543;588.596;33.2753
489.437;588.536;33.241
488.332;588.472;33.2592
487.225;588.401;33.326
486.12;588.327;33.3482
485.014;588.249;33.3681
483.907;588.169;33.334
482.799;588.085;33.3545
481.691;587.997;33.3763
480.583;587.905;33.4167
479.474;587.81;33.4323
478.366;587.709;33.4892
477.255;587.605;33.4549
476.147;587.499;33.5301
475.038;587.39;33.4967
473.927;587.278;33.5184
472.816;587.164;33.5402
471.704;587.047;33.5625
470.593;586.927;33.5845
469.48;586.806;33.6306
468.366;586.682;33.6306
467.254;586.557;33.6455
466.142;586.427;33.6662
465.027;586.297;33.7106
463.913;586.164;33.7106
462.797;586.03;33.7332
461.682;585.893;33.7698
460.567;585.751;33.7698
459.452;585.603;33.7826
458.335;585.452;33.8029
457.221;585.299;33.8739
456.106;585.141;33.8387
454.99;584.98;33.8554
453.874;584.812;33.8678
452.759;584.636;33.8754
451.647;584.452;33.9136
450.535;584.258;33.8685
449.425;584.056;33.8666
448.316;583.846;33.8691
447.208;583.628;33.8743
446.102;583.403;33.9342
444.996;583.169;33.8883
443.893;582.927;33.8983
442.791;582.677;33.9113
441.69;582.419;33.9797
440.59;582.153;33.9423
439.492;581.88;33.9604
438.395;581.6;33.9799
437.299;581.314;34.0527
436.204;581.022;34.0675
435.111;580.722;34.0321
434.02;580.414;34.096
432.93;580.101;34.1155
431.841;579.783;34.1357
430.752;579.459;34.1222
429.663;579.132;34.1222
428.576;578.798;34.1406
427.491;578.457;34.2017
426.408;578.109;34.1651
425.327;577.753;34.1687
424.25;577.387;34.1653
423.177;577.011;34.1846
422.107;576.624;34.1725
421.041;576.227;34.1105
419.979;575.82;34.0843
418.921;575.404;34.071
417.867;574.977;34.1176
416.818;574.539;34.0946
415.773;574.085;33.9833
414.735;573.62;34.0311
413.706;573.142;33.9463
412.682;572.654;33.9463
411.665;572.154;33.9313
410.655;571.643;33.9558
409.651;571.119;33.8927
408.654;570.583;33.893
407.664;570.029;33.8419
406.684;569.461;33.6957
405.718;568.882;33.6368
404.764;568.289;33.5714
403.819;567.684;33.5025
402.883;567.068;33.5428
401.957;566.44;33.3593
401.04;565.799;33.3809
400.135;565.137;33.2736
399.243;564.466;33.0415
398.374;563.781;33.0415
397.515;563.085;32.9364
396.67;562.377;32.7161
395.836;561.66;32.5982
395.018;560.929;32.626
394.211;560.187;32.4906
393.424;559.426;32.3074
392.652;558.654;32.0174
391.905;557.873;32.0501
391.175;557.082;31.7766
390.461;556.282;31.8066
389.76;555.474;31.6755
389.077;554.655;31.5108
388.408;553.826;31.4293
387.76;552.981;31.1097
387.13;552.129;31.1476
386.524;551.271;31.001
385.939;550.406;30.8229
385.371;549.533;30.8544
384.817;548.655;30.6378
384.283;547.768;30.6675
383.765;546.874;30.4476
383.267;545.973;30.4747
382.792;545.061;30.3567
382.335;544.146;30.2507
381.904;543.229;30.059
381.488;542.307;30.059
381.091;541.381;29.9855
380.709;540.45;29.9052
380.346;539.514;29.8259
379.999;538.575;29.7416
379.368;536.68;29.5552
378.819;534.78;29.3924
378.341;532.872;29.2903
377.924;530.954;29.2961
377.568;529.025;29.2131
377.277;527.088;29.2895
377.046;525.15;29.2942
376.862;523.208;29.3203
376.718;521.258;29.3909
376.603;519.3;29.4592
376.52;517.34;29.5066
376.469;515.378;29.5479
376.449;513.413;29.5792
376.469;511.445;29.5749
376.531;509.477;29.5763
376.628;507.508;29.5959
376.764;505.542;29.6177
376.938;503.576;29.6527
377.144;501.61;29.6951
377.38;499.645;29.7404
377.647;497.682;29.784
377.939;495.72;29.8392
378.263;493.761;29.8471
378.612;491.803;29.8886
378.985;489.847;29.93
379.389;487.894;29.956
379.82;485.946;29.9989
380.274;483.999;30.0405
380.513;483.027;30.0681
380.76;482.056;30.0681
381.013;481.088;30.0882
381.272;480.119;30.1712
381.536;479.15;30.194
381.805;478.184;30.2171
382.081;477.217;30.21
382.362;476.251;30.21
382.647;475.286;30.2362
382.937;474.321;30.2654
383.231;473.356;30.293
383.53;472.392;30.3414
383.835;471.429;30.3414
384.146;470.467;30.3591
384.464;469.508;30.3718
384.791;468.551;30.3791
385.126;467.594;30.394
385.464;466.642;30.4034
385.808;465.688;30.431
386.16;464.736;30.5016
386.518;463.786;30.4667
386.883;462.838;30.4918
387.255;461.891;30.5161
387.632;460.947;30.5413
388.016;460.003;30.5708
388.408;459.061;30.6406
388.803;458.123;30.6637
389.208;457.186;30.6888
389.618;456.25;30.66
390.033;455.316;30.6899
390.452;454.382;30.7787
390.876;453.449;30.7532
391.304;452.518;30.8391
391.738;451.588;30.8149
392.178;450.658;30.8418
392.622;449.733;30.8604
393.076;448.809;30.8803
393.535;447.887;30.9055
394;446.968;30.9241
394.474;446.053;30.9376
394.958;445.142;30.9409
395.45;444.237;30.9361
395.954;443.338;30.9161
396.468;442.443;30.9161
396.99;441.553;30.9111
397.521;440.669;30.918
398.063;439.789;30.9186
398.613;438.916;30.9714
399.174;438.048;30.9276
399.745;437.186;30.9418
400.324;436.33;30.958
400.912;435.479;30.9824
401.51;434.634;31.01
402.12;433.791;31.0655
402.737;432.955;31.0655
403.361;432.126;31.101
403.993;431.301;31.1823
404.633;430.483;31.1591
405.279;429.667;31.2331
405.931;428.854;31.2331
406.588;428.045;31.2711
407.25;427.237;31.3097
407.918;426.432;31.3429
408.598;425.626;31.3703
409.277;424.825;31.394
409.957;424.03;31.4912
410.641;423.235;31.4657
411.328;422.442;31.4975
412.019;421.651;31.5278
412.715;420.863;31.6131
413.413;420.076;31.5877
414.114;419.289;31.6205
414.82;418.501;31.7065
415.531;417.712;31.6791
416.242;416.928;31.6998
416.955;416.15;31.724
417.671;415.371;31.7525
418.388;414.594;31.7775
419.108;413.818;31.8609
419.83;413.042;31.8881
420.555;412.268;31.8589
421.283;411.495;31.8835
422.019;410.721;31.9578
422.755;409.949;31.9238
423.491;409.18;31.9464
424.23;408.415;32.0237
424.971;407.651;31.9892
425.713;406.887;32.0652
426.459;406.126;32.0313
427.209;405.368;32.1046
427.961;404.61;32.0922
428.716;403.853;32.0922
429.476;403.094;32.165
430.237;402.339;32.1276
430.996;401.588;32.2047
431.76;400.838;32.1677
432.526;400.091;32.2372
433.295;399.345;32.1998
434.066;398.6;32.218
434.84;397.857;32.2852
435.617;397.118;32.2471
436.399;396.379;32.3208
437.183;395.641;32.3359
437.968;394.906;32.3529
438.754;394.175;32.3126
439.543;393.444;32.3291
440.333;392.715;32.3444
441.124;391.985;32.3616
441.915;391.255;32.3771
442.708;390.526;32.3939
443.501;389.797;32.4106
444.297;389.067;32.4267
445.094;388.336;32.442
445.89;387.606;32.4533
446.683;386.877;32.4685
447.478;386.146;32.483
448.273;385.415;32.4962
449.067;384.683;32.5102
449.862;383.95;32.5237
450.655;383.216;32.5362
451.447;382.479;32.552
452.236;381.738;32.552
453.025;380.993;32.5622
453.811;380.249;32.5709
454.595;379.504;32.6374
455.378;378.756;32.5914
456.158;378.005;32.601
456.937;377.253;32.6112
457.714;376.498;32.6215
458.489;375.741;32.6879
459.264;374.981;32.6981
460.039;374.217;32.6528
460.811;373.453;32.6591
461.579;372.69;32.7249
462.347;371.925;32.7303
463.113;371.158;32.7351
463.876;370.388;32.6878
464.637;369.615;32.6887
465.396;368.84;32.7523
466.155;368.063;32.7584
466.912;367.284;32.7628
467.669;366.498;32.759
468.42;365.711;32.7561
469.162;364.924;32.7013
469.899;364.13;32.6898
470.628;363.331;32.6712
471.353;362.527;32.658
472.073;361.718;32.7007
472.788;360.904;32.6784
473.495;360.083;32.6097
474.193;359.249;32.6158
474.883;358.413;32.5363
475.556;357.574;32.5057
476.222;356.727;32.4251
476.877;355.876;32.4251
477.521;355.017;32.3855
478.157;354.152;32.3358
478.779;353.278;32.3087
479.392;352.398;32.2094
479.989;351.504;32.1484
480.572;350.606;32.0598
481.132;349.706;31.942
481.679;348.797;31.7627
482.212;347.888;31.7627
482.728;346.97;31.6647
483.237;346.049;31.5575
483.727;345.12;31.4695
484.206;344.182;31.3608
484.663;343.236;31.2384
485.104;342.287;31.1377
485.519;341.338;31.0287
485.917;340.383;30.8783
486.301;339.43;30.7934
486.666;338.47;30.7466
487.021;337.508;30.6038
487.362;336.54;30.517
487.689;335.569;30.4214
487.996;334.594;30.3327
488.286;333.618;30.2409
488.556;332.64;30.1559
488.809;331.663;30.0816
489.046;330.685;30.0217
489.27;329.707;29.9563
489.476;328.726;29.8834
489.667;327.742;29.8416
489.995;325.776;29.6539
490.255;323.812;29.5551
490.451;321.849;29.4094
490.581;319.891;29.2342
490.648;317.941;29.0429
490.646;316.003;28.8223
490.579;314.082;28.5844
490.441;312.18;28.3212
490.236;310.302;28.0738
489.964;308.448;27.7903
489.624;306.623;27.5246
489.216;304.829;27.2532
488.741;303.066;26.9744
488.198;301.341;26.7096
487.587;299.653;26.4736
486.913;298.003;26.2909
486.177;296.392;26.1075
485.38;294.821;26.0164
484.526;293.29;26.0263
483.619;291.796;25.9978
482.66;290.339;26.0119
481.652;288.919;26.0751
480.599;287.535;26.0439
479.502;286.188;26.036
478.367;284.873;26.0612
477.195;283.586;26.1671
475.993;282.321;26.2332
474.76;281.08;26.249
473.502;279.857;26.3308
472.215;278.659;26.401
470.901;277.486;26.4467
469.557;276.343;26.4835
468.188;275.223;26.6128
466.792;274.128;26.6774
465.372;273.056;26.6949
463.929;272.005;26.7836
462.467;270.974;26.8786
460.983;269.961;27.0151
459.482;268.97;27.0773
457.958;268.006;27.0975
456.412;267.061;27.1791
454.842;266.15;27.2763
453.248;265.276;27.2732
451.637;264.429;27.3427
450.004;263.608;27.4762
448.347;262.821;27.5012
446.67;262.062;27.6549
444.977;261.331;27.678
443.27;260.629;27.7504
441.543;259.963;27.7982
439.795;259.342;27.826
438.022;258.777;27.8212
436.235;258.263;27.8771
434.438;257.791;27.8551
432.626;257.363;27.896
430.798;256.992;27.9502
428.952;256.694;27.9243
427.101;256.463;27.8885
425.25;256.294;27.8128
423.398;256.184;27.7773
421.546;256.14;27.6022
419.699;256.179;27.3953
417.866;256.293;27.2966
416.05;256.482;27.1691
414.249;256.734;27.0707
412.461;257.053;27.0435
410.684;257.443;27.0008
408.926;257.916;26.9652
407.208;258.464;26.8713
405.516;259.073;26.8203
403.847;259.738;26.8918
402.198;260.46;26.9084
400.575;261.257;26.9187
398.99;262.11;26.9237
397.428;263.009;27.0418
395.891;263.952;27.0699
394.368;264.932;27.2407
392.86;265.956;27.281
391.374;267.023;27.4139
389.912;268.119;27.4528
388.461;269.24;27.5542
387.026;270.393;27.6409
385.611;271.581;27.7205
384.205;272.8;27.8751
382.822;274.042;27.9037
381.462;275.314;27.9701
380.129;276.619;28.0091
378.829;277.962;28.0383
377.555;279.342;28.0918
376.312;280.752;28.151
375.102;282.194;28.2535
373.92;283.665;28.3407
372.762;285.162;28.3877
371.626;286.684;28.4821
370.511;288.226;28.574
369.41;289.786;28.6763
368.318;291.361;28.836
367.233;292.949;28.9387
366.152;294.548;28.9831
365.072;296.16;29.083
363.994;297.777;29.1792
362.917;299.402;29.3257
361.845;301.036;29.4225
360.772;302.676;29.4648
359.696;304.328;29.5621
358.62;305.987;29.6552
357.545;307.651;29.749
356.471;309.319;29.8895
355.395;310.996;29.9917
354.314;312.679;30.0327
353.771;313.526;30.0802
353.228;314.373;30.1695
352.685;315.22;30.2185
352.144;316.066;30.2656
351.602;316.914;30.2571
351.059;317.763;30.3585
350.515;318.615;30.3517
349.968;319.468;30.4528
349.421;320.322;30.5006
348.873;321.178;30.494
348.323;322.035;30.5409
347.771;322.897;30.5877
347.221;323.756;30.6822
346.672;324.616;30.6734
346.121;325.477;30.7206
345.57;326.34;30.7684
345.015;327.205;30.8153
344.46;328.07;30.8624
343.904;328.938;30.9098
343.346;329.806;30.9565
342.788;330.675;31.0532
342.23;331.545;31.0953
341.67;332.419;31.1457
341.111;333.293;31.1381
340.551;334.167;31.2409
339.989;335.044;31.2339
339.426;335.921;31.2796
338.861;336.8;31.3267
338.297;337.679;31.3726
337.732;338.56;31.4192
337.168;339.441;31.4599
336.603;340.323;31.5076
336.035;341.212;31.5564
335.466;342.101;31.5999
334.896;342.989;31.6927
334.326;343.878;31.6927
333.754;344.767;31.7388
333.181;345.658;31.8374
332.609;346.55;31.8293
332.037;347.442;31.87
331.464;348.334;31.9166
330.888;349.23;31.9653
330.306;350.128;32.0084
329.722;351.028;32.0528
329.138;351.925;32.096
328.553;352.822;32.1418
327.965;353.719;32.2391
327.377;354.617;32.2295
326.787;355.515;32.2725
326.197;356.412;32.317
325.602;357.311;32.3624
325.004;358.209;32.4403
324.396;359.109;32.4814
323.782;360.006;32.4684
323.163;360.895;32.4901
322.535;361.778;32.547
321.901;362.656;32.5652
321.261;363.531;32.5344
320.616;364.402;32.5585
319.964;365.271;32.5773
319.301;366.134;32.5894
318.626;366.989;32.6265
317.934;367.838;32.5823
317.235;368.677;32.5641
316.528;369.501;32.5635
315.811;370.321;32.6132
315.088;371.133;32.5697
314.355;371.937;32.5787
313.612;372.734;32.5817
312.859;373.52;32.5793
312.095;374.296;32.5707
311.316;375.064;32.5684
310.528;375.822;32.5744
309.733;376.569;32.5876
308.931;377.305;32.6647
308.121;378.035;32.6857
307.304;378.756;32.7071
306.478;379.469;32.694
305.643;380.172;32.7343
304.8;380.865;32.703
303.949;381.551;32.7216
303.087;382.227;32.732
302.218;382.892;32.7337
301.347;383.546;32.7678
300.465;384.188;32.7589
299.576;384.822;32.7033
298.681;385.446;32.7033
297.778;386.059;32.7052
296.868;386.666;32.7101
295.952;387.262;32.7742
295.028;387.848;32.732
294.098;388.425;32.748
293.162;388.991;32.7719
292.218;389.548;32.83
291.268;390.096;32.83
290.312;390.634;32.9223
289.35;391.164;32.9049
288.38;391.684;32.9403
287.409;392.196;33.0168
286.431;392.7;33.0168
285.447;393.201;33.0585
284.46;393.694;33.1597
283.468;394.18;33.148
282.471;394.66;33.245
281.471;395.134;33.2924
280.466;395.605;33.2822
279.458;396.071;33.3301
278.446;396.533;33.3793
277.431;396.991;33.4256
276.413;397.446;33.5322
275.392;397.898;33.5244
274.367;398.347;33.6311
273.34;398.795;33.6782
272.311;399.239;33.6707
271.277;399.68;33.7151
270.24;400.115;33.755
269.2;400.544;33.8428
268.156;400.968;33.8315
267.109;401.391;33.8759
266.059;401.808;33.9663
265.005;402.219;33.9526
263.947;402.625;34.0374
262.886;403.026;34.0374
261.822;403.422;34.1351
260.754;403.813;34.1792
259.683;404.199;34.1705
258.608;404.58;34.268
257.53;404.956;34.26
256.449;405.326;34.3547
255.365;405.692;34.3467
254.278;406.055;34.3934
253.189;406.414;34.4948
252.096;406.769;34.4885
251.001;407.122;34.5367
249.903;407.471;34.6367
248.803;407.817;34.6309
247.699;408.158;34.7276
246.593;408.496;34.7756
245.485;408.833;34.8232
244.375;409.167;34.8712
243.262;409.499;34.8658
242.147;409.829;34.9143
241.029;410.156;34.9603
239.909;410.478;35.0575
238.786;410.798;35.0518
237.661;411.117;35.0993
236.535;411.434;35.2005
235.405;411.749;35.1954
234.274;412.06;35.2409
233.139;412.367;35.2835
232.002;412.668;35.3216
230.862;412.966;35.3665
229.721;413.261;35.4579
228.576;413.553;35.4579
227.429;413.84;35.5472
226.279;414.121;35.5387
225.127;414.399;35.584
223.972;414.672;35.6814
222.815;414.942;35.6746
221.654;415.207;35.7721
220.493;415.468;35.8196
219.328;415.726;35.8145
218.161;415.98;35.8618
216.992;416.23;35.9062
215.82;416.478;35.9545
214.646;416.722;36.0022
213.47;416.964;36.0503
212.292;417.204;36.0986
211.112;417.442;36.1989
209.93;417.678;36.1948
208.746;417.912;36.2441
207.56;418.145;36.2924
206.373;418.377;36.3932
205.183;418.608;36.3894
203.992;418.838;36.4375
202.799;419.067;36.4861
201.603;419.296;36.5846
200.407;419.523;36.5805
199.209;419.747;36.6257
198.008;419.971;36.7259
196.806;420.194;36.7739
195.602;420.416;36.7696
194.396;420.637;36.8172
193.188;420.857;36.9168
191.978;421.075;36.9606
190.766;421.292;36.9606
189.554;421.508;37.0601
188.339;421.723;37.0562
187.122;421.937;37.1038
185.903;422.151;37.1515
184.683;422.363;37.1993
183.461;422.575;37.2971
182.238;422.786;37.2931
181.011;422.993;37.3368
179.784;423.195;37.428
178.554;423.396;37.4223
177.322;423.595;37.5194
176.089;423.791;37.5131
174.853;423.985;37.5586
173.615;424.175;37.6499
172.376;424.363;37.6499
171.133;424.547;37.6963
169.89;424.728;37.7416
168.645;424.907;37.7891
167.397;425.083;37.8359
166.148;425.257;37.8827
164.897;425.428;37.9811
163.644;425.598;38.0285
162.389;425.766;38.0245
161.132;425.933;38.1225
159.874;426.098;38.1705
158.614;426.262;38.2178
157.352;426.426;38.261
156.089;426.588;38.3124
154.823;426.75;38.3555
153.557;426.912;38.4069
152.288;427.073;38.4544
151.018;427.233;38.5007
149.747;427.394;38.5443
148.474;427.554;38.5953
147.199;427.714;38.5913
145.922;427.875;38.6851
144.644;428.035;38.6851
143.365;428.194;38.7308
142.083;428.35;38.8186
140.799;428.501;38.8139
139.515;428.647;38.8965
138.228;428.789;38.9389
136.939;428.928;38.9281
135.648;429.063;39.0183
134.355;429.193;39.0074
133.061;429.318;39.0976
131.764;429.438;39.1357
130.466;429.55;39.1259
129.166;429.656;39.1587
127.864;429.756;39.2412
126.56;429.85;39.2412
125.255;429.94;39.3335
123.948;430.024;39.3763
122.639;430.102;39.3695
121.329;430.176;39.4646
120.016;430.245;39.5093
118.703;430.31;39.504
117.387;430.371;39.5502
116.07;430.429;39.6473
114.751;430.483;39.6426
113.431;430.534;39.7404
112.108;430.583;39.7359
110.784;430.629;39.8292
109.459;430.673;39.8292
108.133;430.717;39.9223
106.804;430.763;39.9223
105.474;430.807;39.9693
104.143;430.851;40.016
102.81;430.895;40.1136
101.475;430.94;40.1087
100.139;430.986;40.155
98.8016;431.033;40.2519
97.4627;431.081;40.247
96.122;431.13;40.2929
94.78;431.181;40.3388
93.4365;431.232;40.4354
92.0915;431.285;40.4813
90.745;431.339;40.4764
89.3971;431.393;40.522
88.0477;431.449;40.6185
86.6968;431.505;40.6136
85.3444;431.562;40.6593
83.9905;431.62;40.7049
82.6351;431.678;40.7504
81.2782;431.737;40.7959
79.9198;431.796;40.8414
78.56;431.856;40.9372
77.1986;431.916;40.9321
75.8357;431.976;40.9774
74.4714;432.037;41.0226
73.1055;432.098;41.0677
71.7382;432.158;41.1119
70.3693;432.214;41.1536
68.999;432.267;41.1913
67.6271;432.318;41.2766
66.2536;432.367;41.3269
64.8786;432.413;41.3186
63.5021;432.456;41.3603
62.1241;432.496;41.4442
60.7447;432.532;41.4939
59.3636;432.564;41.4867
57.981;432.593;41.5791
56.597;432.619;41.5724
55.2115;432.641;41.6157
53.8246;432.66;41.6592
52.4362;432.677;41.703
51.0464;432.689;41.7814
49.6554;432.696;41.7814
48.2631;432.697;41.8139
46.8701;432.69;41.8392
45.4764;432.674;41.8545
44.0818;432.65;41.873
42.6862;432.618;41.8938
41.2897;432.579;41.9152
39.8924;432.532;41.9362
38.4944;432.476;41.9587
37.0959;432.41;41.9826
35.697;432.335;42.057
34.2979;432.251;42.0374
32.8984;432.157;42.0682
31.4986;432.054;42.1012
30.0983;431.943;42.1852
28.6977;431.823;42.173
27.2968;431.695;42.261
25.8954;431.559;42.2513
24.4936;431.417;42.2922
23.0912;431.267;42.3342
21.6885;431.111;42.3726
20.2856;430.946;42.4338
18.8828;430.773;42.4338
17.4796;430.594;42.4691
16.0758;430.409;42.5074
14.6719;430.216;42.5706
13.2681;430.015;42.5706
11.8648;429.805;42.5925
10.4623;429.584;42.605
9.0603;429.354;42.623
7.65891;429.117;42.6476
6.25754;428.871;42.6721
4.85737;428.615;42.6924
3.45861;428.348;42.7069
2.06158;428.069;42.7133
0.667164;427.777;42.7093
-0.725062;427.471;42.6905
-2.11239;427.152;42.6618
-3.49572;426.818;42.6448
-4.87501;426.469;42.5641
-6.24914;426.105;42.4934
-7.61757;425.724;42.4072
-8.98019;425.326;42.2995
-10.3367;424.91;42.1829
-11.6845;424.477;42.0802
-13.0257;424.029;41.9909
-14.3585;423.563;41.8329
-15.6822;423.082;41.6972
-16.9952;422.578;41.5369
-18.2996;422.058;41.3249
-19.5888;421.514;41.1263
-20.8651;420.954;40.9351
-22.1293;420.376;40.7518
-23.3819;419.783;40.5588
-24.6217;419.172;40.3841
-25.8501;418.546;40.1575
-27.0597;417.896;40.0104
-28.2554;417.227;39.6582
-29.4314;416.544;39.6582
-30.596;415.844;39.5329
-31.7458;415.129;39.3127
-32.8814;414.398;39.3127
-34.0021;413.652;39.21
-35.1076;412.893;39.1105
-36.1973;412.112;38.9688
-37.2703;411.317;38.8425
-38.3183;410.508;38.7292
-39.3514;409.683;38.6297
-40.3675;408.846;38.5412
-41.3678;407.996;38.4505
-42.3521;407.132;38.1925
-43.3165;406.244;38.2189
-44.2607;405.349;38.0709
-45.1767;404.439;37.9872
-46.0788;403.518;37.8928
-46.9631;402.586;37.8099
-47.8312;401.643;37.7242
-48.6822;400.69;37.6595
-49.5149;399.72;37.5184
-50.3232;398.728;37.372
-51.1046;397.732;37.2578
-51.8617;396.731;37.1712
-52.603;395.722;37.1452
-53.3321;394.703;37.0451
-54.0431;393.676;36.987
-54.7331;392.627;36.8569
-55.4001;391.568;36.7212
-56.0376;390.521;36.5848
-56.6616;389.464;36.4868
-57.2693;388.401;36.3611
-57.8617;387.332;36.2232
-58.4349;386.258;36.0454
-58.9842;385.173;35.872
-59.5074;384.08;35.6302
-60.0072;382.996;35.4734
-60.4834;381.906;35.3232
-60.946;380.811;35.1753
-61.3913;379.713;35.0491
-61.8196;378.613;34.9302
-62.2311;377.51;34.8623
-62.6225;376.402;34.7318
-62.9982;375.291;34.6454
-63.3527;374.18;34.6065
-63.6913;373.066;34.5747
-64.0149;371.95;34.5602
-64.3219;370.833;34.5837
-64.6125;369.713;34.5399
-64.8887;368.592;34.5863
-65.1524;367.468;34.5504
-65.4059;366.343;34.62
-65.651;365.216;34.5979
-65.8915;364.089;34.6306
-66.127;362.96;34.6583
-66.3615;361.831;34.6789
-66.5994;360.703;34.6854
-66.8444;359.576;34.6738
-67.0976;358.452;34.6007
-67.3615;357.332;34.6007
-67.6366;356.215;34.5368
-67.9227;355.102;34.5122
-68.2203;353.992;34.394
-68.5286;352.888;34.3414
-68.852;351.789;34.2103
-69.1869;350.695;34.1144
-69.5342;349.608;34.0316
-69.8954;348.526;33.9935
-70.2676;347.45;33.9139
-70.6559;346.382;33.795
-71.0564;345.32;33.7111
-71.4706;344.267;33.6624
-71.9006;343.222;33.5456
-72.3419;342.185;33.4601
-72.7992;341.158;33.4268
-73.2695;340.138;33.3159
-73.7506;339.126;33.3193
-74.2478;338.123;33.2258
-74.7558;337.126;33.2283
-75.2769;336.14;33.2067
-75.8129;335.162;33.1682
-76.3589;334.192;33.1004
-76.9195;333.233;33.0752
-77.4937;332.282;33.0466
-78.0768;331.338;33.0466
-78.6733;330.404;33.0562
-79.2822;329.477;33.101
-79.9007;328.558;33.0581
-80.5311;327.649;33.107
-81.1749;326.749;33.0618
-81.8298;325.856;33.0494
-82.4958;324.975;33.0363
-83.1749;324.104;33.0854
-83.8643;323.239;33.0964
-84.5642;322.383;33.0517
-85.2744;321.534;33.1317
-85.995;320.694;33.0951
-86.7262;319.863;33.176
-87.4664;319.038;33.1786
-88.2155;318.221;33.2415
-88.9733;317.411;33.2162
-89.739;316.606;33.3183
-90.5121;315.808;33.2974
-91.2922;315.015;33.3408
-92.0793;314.227;33.4363
-92.8735;313.445;33.4155
-93.6749;312.669;33.4452
-94.4837;311.9;33.4687
-95.3004;311.139;33.4843
-96.1242;310.384;33.5077
-96.9538;309.633;33.5371
-97.7892;308.887;33.5693
-98.6306;308.146;33.6019
-99.4782;307.411;33.6356
-100.332;306.681;33.6707
-101.191;305.955;33.7071
-102.056;305.235;33.7447
-102.926;304.519;33.8423
-103.801;303.806;33.8225
-104.68;303.098;33.8619
-105.564;302.394;33.9509
-106.454;301.695;33.9701
-107.347;300.998;33.9701
-108.243;300.304;34.0093
-109.143;299.612;34.0485
-110.046;298.922;34.0878
-110.952;298.233;34.1843
-111.862;297.547;34.1657
-112.773;296.862;34.2049
-113.688;296.18;34.2411
-114.607;295.501;34.2739
-115.528;294.822;34.3123
-116.451;294.145;34.3499
-117.376;293.468;34.3873
-118.305;292.794;34.4223
-119.238;292.123;34.5096
-120.172;291.453;34.5458
-121.109;290.785;34.5257
-122.049;290.118;34.5613
-122.991;289.453;34.6519
-123.935;288.789;34.6325
-124.882;288.126;34.6681
-125.832;287.464;34.7041
-126.783;286.804;34.7381
-127.736;286.145;34.7741
-128.692;285.487;34.8072
-129.651;284.832;34.8369
-130.612;284.178;34.872
-131.574;283.524;34.9063
-132.539;282.872;34.9407
-133.506;282.22;34.9748
-134.476;281.569;35.0093
-135.446;280.92;35.0769
-136.419;280.271;35.0769
-137.393;279.623;35.1644
-138.369;278.975;35.1445
-139.347;278.327;35.2322
-140.326;277.68;35.2122
-141.308;277.035;35.2445
-142.292;276.392;35.273
-143.279;275.752;35.2991
-144.269;275.114;35.3306
-145.261;274.477;35.362
-146.255;273.842;35.4468
-147.252;273.208;35.4248
-148.251;272.577;35.4564
-149.253;271.948;35.4883
-150.258;271.321;35.5204
-151.265;270.697;35.606
-152.274;270.073;35.6387
-153.285;269.452;35.6185
-154.299;268.832;35.6516
-155.315;268.213;35.6847
-156.332;267.595;35.7181
-157.352;266.977;35.7515
-158.373;266.361;35.7848
-159.395;265.745;35.8185
-160.419;265.129;35.852
-161.445;264.514;35.8855
-162.472;263.898;35.9192
-163.5;263.283;36.0058
-164.529;262.667;36.0394
-165.56;262.052;36.02
-166.592;261.436;36.0534
-167.625;260.819;36.0873
-168.659;260.203;36.1207
-169.694;259.586;36.1543
-170.73;258.968;36.1881
-171.767;258.35;36.2215
-172.805;257.732;36.2552
-173.844;257.112;36.2888
-174.883;256.492;36.3212
-175.922;255.868;36.3975
-176.959;255.24;36.3779
-177.996;254.61;36.4098
-179.034;253.978;36.4419
-180.071;253.343;36.5258
-181.107;252.705;36.5047
-182.143;252.064;36.5367
-183.178;251.42;36.5686
-184.212;250.773;36.6007
-185.245;250.122;36.6336
-186.278;249.469;36.6663
-187.311;248.813;36.6992
-188.343;248.154;36.7327
-189.374;247.491;36.7636
-190.403;246.825;36.7911
-191.43;246.153;36.8553
-192.453;245.474;36.832
-193.472;244.788;36.8409
-194.487;244.096;36.8547
-195.499;243.398;36.8716
-196.509;242.694;36.8892
-197.515;241.983;36.907
-198.516;241.265;36.926
-199.514;240.541;36.9466
-200.507;239.809;37.0205
-201.496;239.071;36.9936
-202.482;238.326;37.0198
-203.463;237.574;37.0476
-204.44;236.817;37.0769
-205.415;236.054;37.1073
-206.385;235.284;37.1346
-207.351;234.508;37.1576
-208.312;233.725;37.1754
-209.267;232.935;37.1864
-210.216;232.136;37.1887
-211.159;231.33;37.197
-212.098;230.517;37.2105
-213.032;229.698;37.2794
-213.961;228.872;37.2959
-214.885;228.039;37.2622
-215.803;227.199;37.2829
-216.715;226.352;37.3058
-217.622;225.498;37.3257
-218.521;224.636;37.3947
-219.416;223.768;37.3664
-220.306;222.893;37.3929
-221.191;222.012;37.4162
-222.069;221.124;37.435
-222.939;220.229;37.4479
-223.803;219.326;37.4534
-224.657;218.414;37.4496
-225.505;217.496;37.5039
-226.346;216.571;37.4606
-227.181;215.639;37.4729
-228.009;214.7;37.4867
-228.829;213.754;37.5428
-229.64;212.8;37.5569
-230.445;211.84;37.5201
-231.242;210.872;37.5389
-232.032;209.899;37.6132
-232.815;208.918;37.6372
-233.592;207.932;37.6102
-234.362;206.94;37.6383
-235.126;205.942;37.7185
-235.884;204.938;37.6946
-236.635;203.929;37.7165
-237.378;202.913;37.7328
-238.112;201.891;37.7419
-238.841;200.864;37.759
-239.564;199.831;37.7833
-240.281;198.794;37.8508
-240.99;197.75;37.8179
-241.69;196.7;37.8259
-242.38;195.643;37.8255
-243.062;194.581;37.8323
-243.738;193.513;37.8468
-244.406;192.44;37.8625
-245.065;191.361;37.8749
-245.714;190.276;37.8824
-246.353;189.184;37.8835
-246.983;188.087;37.8939
-247.606;186.985;37.9098
-248.22;185.877;37.928
-248.826;184.764;37.9486
-249.423;183.646;37.9664
-250.01;182.522;37.9797
-250.586;181.393;37.9868
-251.155;180.259;38.0035
-251.716;179.121;38.0254
-252.268;177.978;38.0438
-252.811;176.829;38.0575
-253.344;175.676;38.0649
-253.865;174.518;38.0642
-254.375;173.355;38.0537
-254.872;172.186;38.0309
-255.357;171.013;38.012
-255.831;169.835;37.998
-256.292;168.652;37.974
-256.739;167.465;37.939
-257.171;166.273;37.8916
-257.589;165.077;37.8492
-257.993;163.876;37.8151
-258.384;162.671;37.8402
-258.762;161.462;37.7663
-259.125;160.25;37.75
-259.473;159.033;37.7767
-259.806;157.814;37.714
-260.125;156.59;37.7094
-260.43;155.364;37.7105
-260.722;154.135;37.7174
-261;152.903;37.7295
-261.265;151.668;37.7466
-261.518;150.43;37.7618
-261.757;149.19;37.7732
-261.982;147.948;37.7789
-262.196;146.703;37.7959
-262.399;145.456;37.8198
-262.591;144.207;37.8894
-262.772;142.956;37.8573
-262.94;141.703;37.8677
-263.096;140.449;37.8705
-263.238;139.193;37.8641
-263.369;137.936;37.8651
-263.49;136.677;37.8742
-263.6;135.416;37.8884
-263.699;134.154;37.8991
-263.786;132.891;37.905
-263.859;131.627;37.9574
-263.922;130.362;37.9134
-263.974;129.096;37.9288
-264.015;127.829;37.9468
-264.044;126.561;37.9621
-264.062;125.293;37.9728
-264.067;124.025;37.9773
-264.059;122.757;37.9739
-264.036;121.49;37.9607
-264;120.223;37.9359
-263.949;118.958;37.9031
-263.882;117.694;37.8611
-263.801;116.432;37.8088
-263.703;115.173;37.7452
-263.588;113.916;37.67
-263.457;112.661;37.5955
-263.311;111.41;37.5796
-263.149;110.161;37.4675
-262.972;108.915;37.4139
-262.779;107.672;37.3667
-262.569;106.433;37.3272
-262.343;105.199;37.3473
-262.102;103.968;37.2724
-261.844;102.742;37.2574
-261.571;101.52;37.3027
-261.283;100.302;37.2508
-260.98;99.0887;37.3076
-260.662;97.88;37.2659
-260.329;96.6761;37.2709
-259.982;95.4772;37.3097
-259.619;94.2837;37.3144
-259.243;93.0945;37.2706
-258.856;91.9088;37.2889
-258.457;90.7266;37.3114
-258.046;89.548;37.3378
-257.623;88.3733;37.4121
-257.189;87.2027;37.3813
-256.745;86.0349;37.4125
-256.291;84.8699;37.505
-255.829;83.7075;37.481
-255.358;82.5474;37.5179
-254.879;81.3894;37.5559
-254.392;80.2339;37.5901
-253.897;79.0812;37.6195
-253.393;77.9315;37.6755
-252.883;76.7835;37.711
-252.366;75.6368;37.7673
-251.843;74.4921;37.7949
-251.312;73.3501;37.8173
-250.772;72.2113;37.8014
-250.224;71.0766;37.8403
-249.664;69.9465;37.8036
-249.096;68.8203;37.8112
-248.52;67.6973;37.8737
-247.934;66.5789;37.8731
-247.336;65.4661;37.8239
-246.728;64.3599;37.8092
-246.107;63.261;37.8268
-245.474;62.1687;37.7603
-244.831;61.0825;37.7453
-244.177;60.0023;37.7359
-243.512;58.9295;37.7236
-242.835;57.8646;37.7478
-242.145;56.8086;37.7341
-241.444;55.7601;37.6725
-240.733;54.7189;37.6693
-240.01;53.6853;37.6708
-239.277;52.6593;37.7305
-238.534;51.6408;37.7421
-237.78;50.6298;37.7543
-237.016;49.6266;37.7647
-236.241;48.6316;37.7285
-235.457;47.6431;37.7509
-234.665;46.6609;37.7761
-233.863;45.6856;37.7984
-233.053;44.7175;37.8162
-232.233;43.7571;37.828
-231.406;42.8026;37.907
-230.571;41.8531;37.8773
-229.728;40.9096;37.9011
-228.878;39.9728;37.9201
-228.019;39.0432;37.9328
-227.153;38.1191;37.9548
-226.281;37.1998;37.9814
-225.401;36.2865;38.0042
-224.515;35.378;38.0324
-223.623;34.4744;38.0618
-222.723;33.5765;38.0878
-221.817;32.685;38.109
-220.904;31.8005;38.124
-219.982;30.9237;38.1313
-219.053;30.0554;38.1289
-218.115;29.1968;38.1143
-217.168;28.3483;38.0908
-216.213;27.5092;38.0688
-215.249;26.6791;38.0497
-214.277;25.8598;38.019
-213.296;25.0527;37.9762
-212.305;24.2588;37.9473
-211.305;23.479;37.8491
-210.296;22.7138;37.768
-209.278;21.9637;37.6764
-208.251;21.2282;37.5866
-207.215;20.5087;37.4844
-206.171;19.8058;37.369
-205.119;19.1201;37.2458
-204.058;18.4512;37.1267
-202.99;17.7987;37.0167
-201.914;17.1622;36.9217
-200.831;16.5424;36.8356
-199.742;15.9401;36.7531
-198.645;15.3558;36.6726
-197.542;14.7886;36.661
-196.432;14.2387;36.5606
-195.316;13.706;36.5215
-194.195;13.1904;36.4934
-193.068;12.6919;36.5277
-191.935;12.2101;36.4687
-190.797;11.7447;36.4707
-189.654;11.2959;36.4747
-188.506;10.8637;36.478
-187.354;10.448;36.4782
-186.197;10.0471;36.4921
-185.035;9.66004;36.5163
-183.87;9.28707;36.5393
-182.7;8.92676;36.5716
-181.526;8.57844;36.6075
-180.348;8.24141;36.6465
-179.167;7.91578;36.682
-177.982;7.59953;36.724
-176.794;7.29195;36.7673
-175.603;6.99207;36.8709
-174.409;6.7002;36.8514
-173.212;6.41656;36.9389
-172.012;6.14152;36.9156
-170.81;5.87242;37.0175
-169.605;5.60797;36.995
-168.398;5.34969;37.032
-167.188;5.09863;37.0639
-165.975;4.85203;37.1034
-164.761;4.6102;37.1423
-163.544;4.37309;37.1813
-162.325;4.14051;37.2775
-161.104;3.91355;37.3096
-159.88;3.69313;37.2871
-158.655;3.48012;37.3126
-157.427;3.27215;37.3802
-156.197;3.06844;37.3802
-154.966;2.87078;37.4109
-153.732;2.68055;37.4365
-152.496;2.49516;37.5263
-151.259;2.31508;37.5018
-150.019;2.14035;37.5348
-148.778;1.97098;37.5683
-147.535;1.80805;37.5984
-146.29;1.65242;37.6438
-145.044;1.50504;37.6438
-143.795;1.36355;37.6714
-142.546;1.22715;37.7568
-141.294;1.09637;37.7866
-140.041;0.971211;37.7624
-138.786;0.853008;37.8383
-137.53;0.742695;37.8126
-136.273;0.637539;37.898
-135.014;0.537812;37.8741
-133.753;0.443477;37.9055
-132.491;0.354492;37.9376
-131.228;0.271797;38.021
-129.963;0.19375;37.9991
-128.697;0.120234;38.032
-127.43;0.0510547;38.1194
-126.161;-0.0141016;38.0989
-124.892;-0.0755469;38.1869
-123.621;-0.133594;38.1668
-122.348;-0.188516;38.201
-121.075;-0.240742;38.2892
-119.8;-0.290508;38.3234
-118.524;-0.338125;38.3037
-117.247;-0.383906;38.3379
-115.969;-0.428047;38.372
-114.689;-0.47082;38.406
-113.408;-0.510938;38.4379
-112.127;-0.550078;38.5253
-110.844;-0.588242;38.5587
-109.56;-0.625352;38.5721
-108.274;-0.661445;38.5721
-106.988;-0.696641;38.6054
-105.701;-0.730977;38.6385
-104.412;-0.764531;38.7244
-103.122;-0.797422;38.7045
-101.831;-0.829687;38.7374
-100.539;-0.861406;38.7701
-99.2463;-0.892656;38.8541
-97.9522;-0.92207;38.8828
-96.6571;-0.948281;38.908
-95.3611;-0.969922;38.8872
-94.0639;-0.98918;38.9174
-92.7657;-1.00664;38.9999
-91.4663;-1.02133;39.0293
-90.166;-1.03289;39.0066
-88.8646;-1.04098;39.0363
-87.5622;-1.04559;39.118
-86.2588;-1.0468;39.0964
-84.9544;-1.04465;39.1787
-83.649;-1.0393;39.1576
-82.3426;-1.03098;39.2404
-81.0352;-1.01984;39.2716
-79.7268;-1.00617;39.251
-78.4174;-0.990195;39.2825
-77.107;-0.972031;39.314
-75.7956;-0.951992;39.3456
-74.4832;-0.930234;39.4089
-73.1697;-0.907031;39.4405
-71.8553;-0.882461;39.4405
-70.5398;-0.856758;39.4721
-69.2232;-0.830078;39.5352
-67.9057;-0.8025;39.5872
-66.5871;-0.77418;39.6187
-65.2675;-0.745273;39.5982
-63.9468;-0.71582;39.6295
-62.6251;-0.685898;39.6609
-61.3024;-0.657148;39.6914
-59.9787;-0.628047;39.7745
-58.6539;-0.598906;39.785
-57.328;-0.569961;39.785
-56.0011;-0.541289;39.816
-54.6732;-0.513047;39.847
-53.3442;-0.485156;39.9296
-52.0142;-0.457773;39.9089
-50.6832;-0.430781;39.9397
-49.3511;-0.404219;40.0221
-48.018;-0.378086;40.0529
-46.6839;-0.352266;40.0321
-45.3487;-0.326797;40.0629
-44.0125;-0.30168;40.0936
-42.6753;-0.27832;40.1536
-41.337;-0.255156;40.1536
-39.9977;-0.232461;40.1841
-38.6574;-0.210273;40.2146
-37.3161;-0.18875;40.245
-35.9738;-0.167891;40.3268
-34.6304;-0.147656;40.3058
-33.286;-0.128008;40.3362
-31.9406;-0.108984;40.3665
-30.5942;-0.0904687;40.4482
-29.2467;-0.0724609;40.4272
-27.8983;-0.0548828;40.4574
-26.5488;-0.0377344;40.5178
-25.1983;-0.0209375;40.5178
-23.8468;-0.00441406;40.5993
-22.4943;0.0117969;40.5782
-21.1409;0.0262891;40.607
-19.7864;0.040625;40.6885
-18.4309;0.0545703;40.7185
-17.0744;0.0680078;40.7484
-15.7169;0.0808594;40.7783
-14.3584;0.093125;40.757
-12.9989;0.104766;40.8381
-11.6384;0.115781;40.8679
-10.2769;0.126289;40.8977
-8.91435;0.136289;40.8764
-7.55085;0.145781;40.9062
-6.18636;0.154883;40.9359
-4.82087;0.163555;40.9954
-3.4544;0.171914;40.9954
-2.08693;0.179961;41.025
