1.05543;7.8125e-05;2.56074
2.16407;7.8125e-05;3.57515
3.20568;7.8125e-05;4.31332
4.23927;7.8125e-05;4.5143
5.5387;7.8125e-05;5.49513
6.67583;7.8125e-05;6.28339
7.74918;0.000117187;6.92488
8.93636;0.0003125;7.41712
9.95613;0.000351562;7.92706
11.0394;0.000390625;8.39673
12.1841;0.000546875;8.81683
13.3867;0.000585937;9.2418
14.6461;0.000585937;9.65288
15.9606;0.000585937;10.0561
16.9785;0.000585937;10.4699
18.0328;0.000585937;10.6487
19.1099;0.000585937;11.0513
20.2222;0.000585937;11.2302
21.3569;0.000585937;11.6161
22.5256;0.000585937;11.7969
23.7166;0.000585937;12.1679
24.9405;0.000585937;12.3491
26.6086;0.000585937;12.6585
27.8768;0.000585937;12.7305
29.1325;0.000546875;12.2823
30.3554;0.000507812;12.1578
31.5618;0.000390625;11.8669
32.7442;0.000273438;11.7853
33.9158;0.00015625;11.5506
35.0686;3.90625e-05;11.527
36.595;-0.0003125;11.449
37.7369;-0.00078125;11.3221
38.8702;-0.00109375;11.3775
40.0035;-0.00148437;11.2009
41.1216;-0.00164062;11.1683
42.2287;-0.00167969;10.7429
43.2917;-0.0015625;10.058
44.5473;-0.000351562;8.4198
45.671;0.00175781;8.10755
46.7477;0.00355469;7.7488
47.7797;0.00460937;7.44291
49.0198;0.00527344;7.38229
50.2205;0.00511719;7.10365
51.6325;0.00152344;6.89942
52.7548;-0.00175781;6.56454
53.819;-0.00335937;6.24278
54.8447;-0.00292969;5.92992
55.8537;-0.00261719;6.01811
57.0752;-0.00328125;6.36747
58.1877;-0.00335937;7.13344
59.4125;-0.00292969;7.7229
60.4649;-0.00246094;8.21503
61.5818;-0.00179687;8.67827
62.7605;-0.00117187;9.12713
63.9988;-0.000546875;9.56145
65.2946;-7.8125e-05;9.98326
66.6462;0.000429687;10.3942
67.6956;0.000664063;10.6956
68.7751;0.00101562;10.9922
69.884;0.00117187;11.2839
71.0219;0.00136719;11.5713
72.1885;0.00144531;11.8547
73.3833;0.00152344;12.1346
74.606;0.00144531;12.4113
76.279;0.00136719;12.7757
77.5656;0.00132813;13.046
78.8791;0.00113281;13.3141
80.2078;0.00101562;13.2413
81.532;0.000859375;13.3397
82.8768;0.000703125;13.6349
84.2503;0.000507812;13.9236
85.6521;0.000429687;14.2009
87.0813;0.000273438;14.4658
89.0251;0.000195312;14.7588
90.5074;0.00015625;14.9388
92.003;7.8125e-05;14.9221
93.4832;7.8125e-05;14.5538
94.919;3.90625e-05;14.0226
96.3036;3.90625e-05;13.5118
97.6396;-7.8125e-05;13.107
98.9313;0.00351562;12.4863
100.156;0.0405859;11.734
101.301;0.106172;11.0175
102.739;0.227422;10.6571
103.791;0.34168;10.3995
104.824;0.467539;10.4336
105.856;0.599414;10.2958
106.881;0.730078;10.424
107.913;0.854883;10.2859
108.935;0.967539;10.2437
109.946;1.06461;9.96924
111.274;1.16547;9.86404
112.591;1.2343;9.79713
113.904;1.27215;9.78603
115.218;1.28215;9.83421
116.543;1.26867;9.95008
117.884;1.2368;10.0217
118.886;1.20395;10.1112
119.904;1.16648;10.3166
120.951;1.1252;10.7961
122.039;1.08223;11.033
123.156;1.03965;11.4831
124.313;0.999297;11.7149
125.497;0.962812;12.139
126.719;0.930977;12.3672
127.968;0.905352;12.7667
129.253;0.88668;12.9932
130.986;0.873828;12.9813
132.286;0.873477;13.2156
133.613;0.880234;13.2488
134.933;0.892852;12.8901
136.599;0.915273;11.8516
137.753;0.934414;10.9798
138.819;0.95332;10.0778
140.124;0.976055;9.59914
141.723;1.00066;9.65316
143.001;1.01664;9.62973
144.274;1.02867;9.57778
145.544;1.03617;9.61272
146.824;1.03934;9.76202
148.13;1.03852;10.0391
149.14;1.03582;10.1632
150.168;1.03188;10.5279
151.226;1.02691;10.6644
152.673;1.01937;11.0033
153.784;1.01336;11.3628
154.926;1.0073;11.5157
156.089;1.0016;11.8691
157.282;0.996367;12.0306
158.496;0.991836;12.3765
159.74;0.988203;12.546
161.005;0.985469;12.8835
162.3;0.98375;13.0608
163.616;0.983086;13.389
164.962;0.983437;13.574
166.329;0.984766;13.8927
167.715;0.986953;13.7621
169.092;0.989688;13.9147
170.493;0.992852;14.1412
171.918;0.99625;14.4755
173.373;0.999648;14.694
175.353;1.00383;15.0433
176.36;1.00566;15.2131
177.378;1.00723;15.3799
178.408;1.00855;15.544
179.448;1.00957;15.7056
180.498;1.0102;15.865
181.559;1.01055;16.0224
182.631;1.01047;16.1778
183.712;1.01012;16.3315
184.804;1.00945;16.4837
185.906;1.00848;16.6343
187.018;1.00727;16.7837
188.14;1.0059;16.9303
189.269;1.00437;16.9577
190.944;1.00195;16.3421
192.025;1.00223;15.9161
193.082;1.01488;15.6364
194.118;1.04535;15.2973
195.13;1.09336;14.9186
196.597;1.19789;14.2993
197.997;1.33617;13.6357
199.328;1.4966;12.9494
200.588;1.66469;12.2448
201.777;1.8266;11.5339
202.897;1.97156;10.8102
203.947;2.09203;10.1042
205.248;2.20953;9.31376
206.404;2.28059;7.68247
207.586;2.31219;6.731
208.667;2.30781;6.39083
209.707;2.28195;6.07406
210.894;2.23703;5.77231
212.043;2.18699;5.69621
213.19;2.13625;5.71285
214.396;2.08973;6.42629
215.521;2.05195;7.20398
216.76;2.01703;7.84154
217.825;1.99332;8.2964
218.954;1.97383;8.76357
220.144;1.95961;9.21111
221.393;1.95062;9.64311
222.7;1.94684;10.0628
223.716;1.94707;10.3701
224.763;1.94988;10.6723
225.84;1.95461;10.9691
226.947;1.96109;11.2612
228.083;1.96863;11.5488
229.247;1.97707;11.8325
230.44;1.98562;12.1126
231.66;1.99426;12.3895
232.908;2.0023;12.6635
234.183;2.00965;12.9347
235.486;2.01578;13.2035
236.815;2.02059;13.3259
238.147;2.02375;13.3622
239.483;2.02539;13.5036
240.844;2.02535;13.8007
242.234;2.02391;14.0839
243.651;2.02109;14.3403
245.092;2.01734;14.519
246.54;2.01281;14.3543
247.969;2.00797;14.138
249.366;2.00305;13.6318
250.714;1.99852;13.3129
252.044;1.99449;13.2303
253.366;1.99117;13.2056
254.67;1.98852;12.6906
255.931;1.98691;12.4277
257.162;1.98605;12.0838
258.361;1.98605;11.8254
259.536;1.98652;11.5856
260.687;1.98781;11.3239
261.805;1.98918;10.717
262.844;1.99016;9.82668
264.097;1.99027;8.81399
265.257;1.99039;8.73986
266.39;1.99164;8.20115
267.417;1.99375;7.22412
268.592;1.99531;6.8787
269.699;1.99648;6.53714
270.76;2.0007;6.08022
271.774;2.00598;6.02819
272.962;2.0123;5.72308
274.137;2.01352;5.89112
275.326;2.0143;6.25176
276.42;2.01398;6.91656
277.619;2.01227;7.63284
278.658;2.01066;8.04712
279.758;2.00922;8.52276
280.92;2.0073;8.9822
282.141;2.00516;9.42606
283.42;2.00305;9.85426
284.755;2.00109;10.2682
285.792;1.99984;10.5707
286.859;1.99863;10.8676
287.956;1.99781;11.1595
289.081;1.99707;11.4471
290.235;1.99668;11.7308
291.418;1.99637;12.0109
292.628;1.99645;12.2879
293.866;1.9966;12.5578
295.13;1.99707;12.7839
296.407;2.01332;12.7203
297.665;2.07043;12.343
298.883;2.15625;11.9888
300.064;2.26898;11.6347
301.208;2.40055;11.3117
302.318;2.54137;10.8792
303.372;2.67895;10.0366
304.662;2.84242;9.5189
305.895;2.98086;9.14928
307.091;3.0882;8.95372
308.269;3.16609;8.83892
309.434;3.21645;8.77857
310.595;3.24176;8.77364
311.756;3.24547;8.76123
312.918;3.23246;8.93693
314.124;3.2043;9.39506
315.39;3.16586;9.83887
316.715;3.12074;10.2692
317.75;3.08523;10.4669
318.809;3.05004;10.8922
319.905;3.01629;11.0867
321.026;2.98559;11.4916
322.182;2.95863;11.6849
323.362;2.93637;12.071
324.577;2.91922;12.265
325.815;2.90758;12.6339
327.085;2.90168;12.8304
328.368;2.90145;12.8368
329.65;2.90641;12.8604
330.949;2.91598;13.2405
332.281;2.92945;13.4634
333.639;2.94594;13.815
335.028;2.96426;14.0269
336.441;2.98332;14.3496
337.883;3.00195;14.5545
339.348;3.01902;14.8527
340.84;3.03355;15.054
341.848;3.04145;15.2154
342.866;3.0477;15.3747
343.895;3.05215;15.532
344.934;3.05469;15.6876
345.983;3.05539;15.8415
347.042;3.05422;15.9939
348.112;3.05133;16.145
349.191;3.04684;16.2948
350.281;3.04098;16.4435
351.38;3.03391;16.5911
352.489;3.02602;16.7377
353.607;3.01754;16.8834
354.735;3.00871;17.0218
355.872;2.99992;17.138
357.013;2.99145;17.0351
358.144;2.98375;16.7695
359.254;2.97707;16.4362
360.344;2.9716;16.1175
361.412;2.96746;15.7553
362.455;2.96473;15.3607
363.471;2.96344;14.9416
364.943;2.96375;14.28
366.348;2.96656;13.5908
367.683;2.97109;12.8843
368.947;2.97664;12.1671
370.144;2.98262;11.6335
371.297;2.98852;11.2892
372.43;2.99418;11.4311
373.569;2.99949;11.1815
374.673;3.00406;10.8351
375.742;3.00773;10.3729
376.772;3.01039;10.2089
377.784;3.01207;9.91896
379.108;3.01289;9.79127
380.417;3.01215;9.71429
381.72;3.01047;9.69452
383.022;3.00836;9.69601
384.646;3.00547;9.98583
385.653;3.0041;10.192
386.687;3.00293;10.6369
387.759;3.00176;10.8422
388.856;3.00059;11.265
390.372;2.99922;11.67
391.547;2.9984;11.8711
392.746;2.99777;12.2595
393.98;2.9973;12.4609
395.225;2.99703;12.4718
396.887;2.99699;12.6783
398.164;2.99719;12.9093
399.467;2.9975;13.2861
400.803;2.99797;13.5027
402.164;2.99855;13.8479
403.556;2.99922;14.0556
404.972;2.99992;14.3744
406.416;3.00059;14.5774
407.882;3.01262;14.8469
409.372;3.0659;15.0382
410.881;3.16039;15.3041
411.897;3.24766;15.3901
412.909;3.35113;15.1288
414.387;3.52551;14.4548
415.808;3.71117;14.0878
417.186;3.89566;13.5509
418.511;4.06406;12.981
419.778;4.21109;12.3191
420.978;4.3641;11.6963
422.113;4.51695;10.9325
423.162;4.6593;9.95161
424.412;4.82156;8.64122
425.493;4.94945;7.4186
426.574;5.14879;5.39367
427.565;5.35633;3.18032
428.593;5.53594;1.89666
429.55;5.90625;2.92151
430.514;6.48086;3.83578
431.538;6.86777;4.48701
432.614;7.1441;5.14739
433.611;7.31629;5.12184
434.671;7.61687;5.74841
435.636;7.97285;6.66711
436.742;8.25297;7.06102
437.948;8.52422;7.76321
438.973;8.79906;8.23641
440.071;9.03164;8.71237
441.224;9.29191;9.12119
442.421;9.61086;9.56613
443.658;9.99168;9.93689
444.6;10.3416;10.2596
445.574;10.6946;10.5603
446.568;11.0798;10.8437
447.567;11.5224;11.0894
448.555;12.0416;11.3352
449.527;12.6383;11.5894
450.483;13.3097;11.8675
451.423;14.0474;12.1379
452.347;14.8471;12.4186
453.268;15.6938;12.7071
454.196;16.5775;12.842
455.127;17.4626;12.8861
456.073;18.3363;13.0253
457.059;19.2038;13.3312
458.087;20.0671;13.6109
459.17;20.9039;13.8335
460.314;21.6993;14.1022
461.505;22.4708;14.3342
462.746;23.2042;14.59
464.02;23.9318;14.8315
465.331;24.6426;15.0434
466.207;25.1281;14.882
467.479;25.8659;14.3131
468.676;26.6179;13.7902
469.806;27.3761;13.2512
470.859;28.1441;12.6256
471.82;28.9268;11.9604
472.686;29.7154;11.2609
473.458;30.501;10.5603
474.158;31.2592;9.84732
474.965;32.2295;8.71472
475.586;33.1296;7.37901
476.089;34.1222;5.53162
476.597;35.035;3.60164
477.164;35.968;3.76495
477.523;36.959;4.22975
477.904;37.9196;4.66157
478.482;38.9061;5.24365
479.123;39.7891;5.77834
479.841;40.7041;5.75781
480.566;41.6691;6.5635
481.311;42.5177;7.10358
482.225;43.3296;7.70027
483.01;44.0234;8.16662
483.801;44.796;8.55337
484.583;45.6554;9.00401
485.381;46.5788;9.41127
486.147;47.5923;9.72053
486.824;48.7152;10.0381
487.258;49.6263;10.2537
487.615;50.5967;10.5308
487.93;51.6123;10.808
488.183;52.6699;11.0369
488.368;53.7653;11.3124
488.513;54.8958;11.5889
488.615;56.0585;11.8587
488.676;57.2512;12.1293
488.699;58.4725;12.3967
488.687;59.7225;12.6611
488.666;60.9922;12.7272
488.656;62.2606;12.6285
488.657;63.5332;12.9367
488.675;64.8368;13.1809
488.707;66.1551;13.132
488.751;67.4505;12.6402
488.804;68.6895;11.9211
488.861;69.848;11.0304
488.918;70.917;10.1394
488.98;72.1818;8.48628
489.022;73.2282;7.55123
489.056;74.4746;7.3782
489.075;75.6869;7.21773
489.083;76.8931;7.37502
489.082;78.1361;7.48991
489.077;79.1693;7.88897
489.067;80.2523;8.27091
489.056;81.3762;8.4475
489.043;82.5016;8.29358
489.031;83.617;8.30109
489.004;84.7282;8.21956
488.909;85.8285;8.20457
488.782;86.9282;8.26812
488.633;88.0374;8.41091
488.475;89.1688;8.65593
488.316;90.33;8.81094
488.172;91.4937;8.79997
488.028;92.6933;9.28258
487.812;93.9434;9.74519
487.565;95.2516;10.2212
487.374;96.2705;10.6881
487.188;97.3314;10.9117
487.013;98.4219;11.3487
486.855;99.5539;11.5665
486.688;100.71;11.8391
486.514;101.877;11.7437
486.34;103.042;12.0281
486.167;104.241;12.2684
486.003;105.469;12.6742
485.852;106.736;12.8961
485.722;108.03;13.2613
485.603;109.358;13.4631
485.469;110.709;13.8075
485.329;112.09;14.0142
485.185;113.493;14.3317
485.042;114.926;14.5314
484.909;116.382;14.8231
484.795;117.866;15.0069
484.742;118.868;15.1356
484.719;119.879;15.2628
484.725;120.899;15.3969
484.761;121.927;15.5306
484.829;122.962;15.6654
484.927;124.003;15.8032
485.053;125.051;15.9442
485.206;126.105;16.0692
485.394;127.161;16.1728
485.622;128.215;16.2753
485.886;129.269;16.4177
486.172;130.327;16.5652
486.476;131.392;16.7178
486.795;132.463;16.8587
487.133;133.539;17.0093
487.48;134.621;17.1425
487.851;135.704;17.2594
488.248;136.786;17.4026
488.656;137.874;17.5407
489.07;138.971;17.6786
489.502;140.07;17.8238
489.94;141.177;17.9608
490.392;142.291;18.1007
490.843;143.415;18.2279
491.282;144.55;18.3544
491.715;145.697;18.4894
492.141;146.856;18.6204
492.564;148.025;18.7371
492.999;149.198;18.8249
493.448;150.371;18.7539
493.9;151.534;18.4967
494.346;152.678;18.0688
494.797;153.789;17.7367
495.257;154.87;17.3541
495.721;155.921;16.942
496.173;156.948;16.5066
496.623;157.943;16.0545
497.069;158.907;15.5879
497.518;159.835;15.1061
498.181;161.167;14.3704
498.832;162.422;13.6194
499.487;163.585;12.8582
500.15;164.656;12.0883
500.811;165.64;11.3968
501.442;166.562;10.7771
502.052;167.415;9.96437
502.773;168.455;8.69352
503.404;169.382;8.02631
503.928;170.293;7.6464
504.438;171.163;7.43681
505.102;172.192;7.19763
505.665;173.241;7.00598
506.139;174.316;7.05552
506.691;175.346;7.0187
507.259;176.392;7.4612
507.66;177.323;7.90708
508.094;178.304;8.3158
508.624;179.297;8.68129
509.263;180.284;9.07184
510.007;181.261;9.46187
510.844;182.23;9.86714
511.747;183.212;10.2589
512.466;183.957;10.544
513.217;184.708;10.8286
514;185.469;11.1
514.795;186.258;11.3562
515.595;187.076;11.6225
516.404;187.922;11.8831
517.222;188.795;12.1372
518.037;189.704;12.3589
518.828;190.662;12.593
519.609;191.652;12.6489
520.375;192.652;12.5293
521.136;193.66;12.8233
521.915;194.69;13.0936
522.709;195.741;13.3394
523.501;196.824;13.5931
524.309;197.926;13.8344
525.137;199.043;14.0659
525.993;200.168;14.2898
526.86;201.311;14.4974
527.73;202.479;14.7122
528.622;203.656;14.9202
529.544;204.836;15.1001
530.185;205.614;15.2355
530.843;206.389;15.3644
531.519;207.161;15.4992
532.204;207.936;15.634
532.903;208.711;15.7614
533.611;209.49;15.8932
534.326;210.273;16.0257
535.051;211.061;16.1573
535.781;211.854;16.2774
536.505;212.663;16.3984
537.231;213.483;16.5234
537.954;214.316;16.6344
538.667;215.167;16.7634
539.381;216.028;16.8927
540.097;216.9;17.0216
540.817;217.778;17.1515
541.546;218.661;17.2792
542.286;219.546;17.4053
543.04;220.429;17.529
543.809;221.31;17.6509
544.596;222.187;17.7717
545.402;223.057;17.892
546.227;223.92;18.0122
547.071;224.776;18.134
547.934;225.623;18.257
548.817;226.464;18.3807
549.717;227.297;18.5081
550.634;228.123;18.6233
551.575;228.935;18.7326
552.536;229.734;18.8557
553.517;230.521;18.9778
554.518;231.297;19.0222
555.538;232.046;18.7927
556.555;232.762;18.3696
557.561;233.444;17.921
558.562;234.082;17.5768
559.564;234.676;17.1934
560.556;235.234;16.7828
561.541;235.746;16.3413
562.518;236.207;15.8677
563.484;236.612;15.3755
564.437;236.962;14.8705
565.834;237.382;14.088
567.183;237.668;13.2631
568.47;237.817;12.4495
569.687;237.871;11.6863
570.834;237.876;10.9968
571.914;237.881;10.4321
572.928;237.942;9.55301
574.104;238.134;7.94569
575.261;238.53;6.92951
576.227;239.108;6.42007
577.042;239.803;6.27499
577.738;240.564;6.0593
578.447;241.524;6.05552
579.118;242.514;6.07384
579.685;243.378;6.52661
580.362;244.301;7.20225
581.141;245.277;7.91989
581.876;246.056;8.31293
582.721;246.803;8.79352
583.675;247.502;9.12574
584.753;248.091;9.50028
585.942;248.556;9.87645
587.227;248.897;10.3164
588.248;249.081;10.542
589.304;249.225;10.9804
590.404;249.339;11.2073
591.53;249.452;11.6233
592.693;249.575;11.8513
593.883;249.702;12.2657
595.111;249.832;12.4942
596.363;249.971;12.8704
597.639;250.147;12.8136
598.893;250.341;12.469
600.104;250.573;12.0852
601.261;250.85;11.5519
602.356;251.134;10.8475
603.375;251.409;10.0469
604.596;251.786;8.70471
605.603;252.174;7.14491
606.628;252.527;6.23027
607.646;252.808;6.13369
608.682;253.031;6.44589
609.747;253.197;6.51961
610.832;253.375;6.78555
611.955;253.642;7.25125
613.175;253.866;7.76767
614.223;254.02;8.22454
615.303;254.145;8.2652
616.389;254.236;8.18571
617.48;254.33;8.22005
618.56;254.508;8.2275
619.646;254.689;8.31066
620.747;254.852;8.44881
621.875;254.992;8.66747
623.04;255.111;8.98869
624.219;255.275;8.99003
625.403;255.499;9.34154
626.658;255.72;9.91072
627.649;255.879;10.3263
628.684;256.027;10.7294
629.76;256.163;11.1121
630.87;256.328;11.4752
632.014;256.514;11.8551
633.597;256.767;12.3472
634.822;256.955;12.4951
636.057;257.126;12.4581
637.304;257.288;12.8352
638.586;257.471;13.2101
639.904;257.659;13.5693
641.258;257.85;13.9163
642.647;258.034;14.2475
644.066;258.23;14.5511
645.513;258.454;14.8671
646.989;258.689;15.1739
647.99;258.848;15.372
649.005;259.005;15.5653
650.033;259.158;15.7544
651.072;259.321;15.941
652.123;259.489;16.1309
653.186;259.66;16.3178
654.262;259.832;16.5013
655.35;260.005;16.6769
656.447;260.192;16.8412
657.553;260.389;16.9421
658.657;260.589;16.714
659.744;260.786;16.3291
660.806;260.976;16.0077
661.851;261.154;15.7087
662.878;261.316;15.368
663.884;261.457;14.9975
665.349;261.654;14.4027
666.754;261.832;13.7771
668.098;261.988;13.1288
669.379;262.12;12.4669
670.596;262.226;11.7952
671.749;262.306;11.1229
673.186;262.373;10.2695
674.191;262.434;9.55171
675.402;262.538;8.35154
676.442;262.634;6.91832
677.623;262.74;5.09411
678.63;262.822;5.09253
679.673;262.893;5.44949
680.746;262.953;5.35103
681.815;263.014;5.49443
682.892;263.222;5.52019
683.987;263.599;6.23023
685.046;263.867;7.08502
686.242;264.091;7.66419
687.288;264.236;8.18631
688.41;264.345;8.7316
689.605;264.417;9.25081
690.871;264.449;9.7555
692.202;264.458;10.2213
693.237;264.491;10.6981
694.313;264.54;10.9393
695.418;264.604;11.393
696.562;264.681;11.6338
697.733;264.765;12.0676
698.943;264.854;12.3089
700.179;264.955;12.7042
701.447;265.098;12.9437
702.741;265.27;13.3388
704.062;265.466;13.4097
705.385;265.672;13.458
706.721;265.893;13.7346
708.081;266.15;14.138
709.473;266.429;14.4176
710.894;266.72;14.7936
712.349;267.026;15.0573
713.332;267.244;15.2672
714.328;267.468;15.4719
715.337;267.693;15.6713
716.873;268.039;15.9814
717.908;268.292;16.1622
718.952;268.554;16.35
720.009;268.817;16.5375
721.077;269.093;16.7152
722.155;269.384;16.9038
723.243;269.68;17.0862
724.339;269.993;17.2522
725.44;270.326;17.4297
726.547;270.68;17.5838
727.653;271.067;17.7223
728.755;271.487;17.8606
729.851;271.945;18.0086
730.949;272.436;18.1696
732.583;273.241;18.3708
733.657;273.83;18.5159
734.718;274.458;18.6381
735.763;275.128;18.7501
736.791;275.834;18.8894
737.805;276.574;19.0324
738.803;277.355;19.1688
739.787;278.178;19.3318
740.759;279.027;19.5096
741.723;279.9;19.6262
742.683;280.781;19.5764
743.636;281.65;19.1762
744.584;282.487;18.768
745.528;283.291;18.3988
746.482;284.058;18.0405
747.439;284.779;17.6212
748.399;285.44;17.1835
749.357;286.049;16.7354
750.308;286.613;16.2778
751.249;287.137;15.8234
752.174;287.623;15.3792
753.08;288.083;14.9382
754.391;288.759;14.2406
755.63;289.426;13.5461
757.15;290.307;12.6057
758.188;290.984;11.999
759.129;291.688;11.2855
759.957;292.413;10.4982
760.673;293.134;9.63735
761.458;294.066;8.36532
762.022;294.941;6.84422
762.408;295.879;4.95681
762.752;296.9;3.08408
762.934;297.917;3.31029
762.989;299.018;4.08591
763.077;300.03;4.73737
763.147;301.202;5.17656
763.355;302.3;5.87808
763.593;303.3;6.43804
763.908;304.32;6.5091
764.38;305.371;7.27413
764.758;306.299;7.79242
765.198;307.269;8.27445
765.715;308.275;8.74455
766.219;309.359;9.21906
766.771;310.487;9.67323
767.355;311.667;10.1225
767.766;312.604;10.5319
768.13;313.601;10.763
768.461;314.645;11.1702
768.739;315.739;11.3299
768.958;316.853;11.4926
769.119;317.985;11.2614
769.255;319.094;11.0788
769.353;320.166;10.2336
769.425;321.479;9.61713
769.447;322.751;9.37069
769.43;324.01;9.29325
769.385;325.26;9.2536
769.323;326.501;9.26922
769.249;327.746;9.30903
769.173;328.994;9.39413
769.097;330.277;9.85538
769.026;331.591;9.58304
768.972;332.821;8.68422
768.935;333.926;7.67526
768.915;334.929;7.45282
768.904;336.149;7.13834
768.903;337.35;7.30777
768.909;338.551;6.98935
768.921;339.713;6.83315
768.934;340.842;6.71114
768.947;341.958;6.6623
768.959;343.088;6.87621
768.972;344.253;7.00273
768.982;345.432;7.3564
768.987;346.442;7.94857
768.934;347.523;8.42603
768.824;348.669;8.97367
768.677;349.883;9.50004
768.506;351.164;10.0068
768.368;352.166;10.3731
768.225;353.205;10.7182
768.041;354.271;11.0262
767.793;355.357;11.3554
767.52;356.471;11.5253
767.217;357.582;11.5776
766.864;358.684;11.7572
766.486;359.809;12.1039
766.063;360.954;12.4109
765.573;362.103;12.6766
764.998;363.239;12.9432
764.339;364.362;13.158
763.607;365.454;13.0718
762.835;366.488;12.6238
762.047;367.448;12.0923
761.282;368.354;11.4887
760.536;369.197;10.762
759.805;369.949;9.93387
758.906;370.834;8.69637
758.155;371.631;7.27146
757.46;372.461;5.30804
756.765;373.335;5.89826
756.049;374.251;5.95128
755.349;375.191;5.95743
754.671;376.112;5.5524
753.993;376.961;5.43372
753.283;377.795;5.5918
752.473;378.606;5.97782
751.649;379.18;5.8704
750.728;379.645;6.59444
749.719;380.195;7.38084
748.885;380.747;7.91289
747.989;381.333;8.41754
747.016;381.925;8.94201
745.994;382.568;9.43206
744.884;383.195;9.88298
743.997;383.658;10.1135
743.071;384.097;10.5207
742.088;384.489;10.7149
741.06;384.827;11.1016
739.979;385.104;11.3011
738.866;385.323;11.5054
737.734;385.498;11.3406
736.597;385.654;11.7866
735.416;385.803;11.9174
734.229;385.939;11.913
733.072;386.07;11.1435
731.999;386.221;10.3011
730.702;386.415;9.11063
729.574;386.636;7.86237
728.406;386.937;6.19068
727.422;387.19;5.83924
726.269;387.465;5.6708
725.156;387.777;5.72496
724.091;388.277;6.17214
723.119;388.697;6.56735
722.046;389.035;6.83148
720.986;389.432;6.79524
719.928;389.824;6.73405
718.847;390.115;6.73273
717.746;390.325;6.87949
716.62;390.575;6.89346
715.481;390.967;7.37693
714.297;391.324;7.30424
713.067;391.602;7.99474
712.018;391.893;8.51893
710.893;392.162;8.99859
709.688;392.377;9.503
708.414;392.587;9.99561
707.415;392.743;10.359
706.375;392.891;10.7119
705.312;393.025;10.6295
704.253;393.142;10.7506
703.177;393.283;11.079
702.071;393.455;11.4324
700.931;393.634;11.7692
699.759;393.826;12.0775
698.565;394.064;12.3464
697.356;394.357;12.6512
696.116;394.662;12.931
694.854;394.994;13.1883
693.584;395.376;13.4463
692.292;395.773;13.7037
690.978;396.191;13.9486
689.648;396.639;14.1974
688.29;397.079;14.4368
686.913;397.535;14.673
685.504;397.98;14.8879
684.063;398.395;15.1086
683.09;398.667;15.2526
682.105;398.926;15.3878
681.106;399.168;15.53
680.096;399.406;15.6731
679.075;399.639;15.8159
678.042;399.862;15.9549
676.998;400.077;16.0968
675.941;400.299;16.2342
674.876;400.528;16.3575
673.811;400.777;16.4634
672.749;401.057;16.5436
671.693;401.379;16.5929
670.652;401.749;16.6049
669.631;402.176;16.6204
668.634;402.658;16.6135
667.667;403.197;16.6084
666.733;403.792;16.5837
665.838;404.451;16.5574
664.985;405.163;16.5247
664.191;405.926;16.4742
663.452;406.737;16.4113
662.771;407.592;16.3476
662.151;408.489;16.3211
661.591;409.422;16.2994
661.095;410.39;16.2373
660.666;411.382;16.1117
660.298;412.393;15.9604
659.98;413.418;15.9816
659.7;414.45;15.8512
659.442;415.477;15.6571
659.191;416.486;15.3341
658.934;417.47;14.9571
658.505;418.88;14.2971
658.006;420.193;13.5412
657.442;421.394;12.7544
656.817;422.473;11.9248
656.139;423.424;11.1184
655.424;424.239;10.3346
654.69;424.926;9.58296
653.724;425.682;8.50956
652.847;426.302;7.31296
651.885;427.044;7.15811
651.037;427.875;7.01136
650.322;428.809;7.12303
649.778;429.893;7.46355
649.406;431.071;7.36266
649.17;432.281;7.44976
649.065;433.283;7.68606
649.022;434.328;8.05234
648.98;435.425;8.4783
648.946;436.578;8.885
648.923;437.78;9.15555
648.911;438.98;8.45677
648.91;440.023;6.85576
648.839;441.158;6.68584
648.687;442.258;6.60406
648.544;443.326;6.39142
648.409;444.374;6.38909
648.282;445.427;6.41201
648.17;446.497;6.38177
648.076;447.592;6.87902
647.996;448.793;7.65671
647.944;449.839;8.20399
647.904;450.956;8.72461
647.847;452.139;9.16393
647.717;453.375;9.62403
647.563;454.671;10.073
647.47;455.685;10.3949
647.409;456.733;10.7251
647.378;457.816;11.0526
647.378;458.931;11.3754
647.408;460.078;11.6968
647.463;461.257;12.0133
647.54;462.466;12.327
647.633;463.705;12.6359
647.737;464.973;12.9405
647.846;466.271;13.2037
647.954;467.588;13.0246
648.052;468.888;13.1246
648.138;470.19;12.8437
648.208;471.459;12.4743
648.259;472.695;12.1832
648.292;473.903;11.9354
648.307;475.088;11.7663
648.306;476.26;11.6723
648.291;477.426;11.6296
648.263;478.587;11.6174
648.227;479.749;11.637
648.197;480.912;11.6426
648.204;482.077;11.6453
648.243;483.251;11.9577
648.312;484.455;12.2879
648.407;485.69;12.6129
648.524;486.956;12.9382
648.656;488.253;13.2579
648.796;489.581;13.5728
648.937;490.94;13.881
649.071;492.333;14.1816
649.192;493.755;14.475
649.291;495.195;14.4535
649.363;496.637;14.5757
649.406;498.104;14.8936
649.419;499.604;15.2088
649.412;500.62;15.4055
649.386;501.649;15.5797
649.333;502.689;15.7405
649.255;503.738;15.9098
649.148;504.794;16.0808
649.015;505.858;16.2415
648.856;506.93;16.2859
648.676;507.998;16.1553
648.485;509.052;15.8701
648.289;510.084;15.5355
648.1;511.092;15.1156
647.835;512.556;14.4926
647.609;513.969;13.9512
647.43;515.329;13.2813
647.305;516.628;12.6256
647.208;517.866;12.0486
647.129;519.056;11.7923
647.062;520.217;11.229
647.006;521.304;10.3396
646.961;522.322;10.0133
646.865;523.653;9.88458
646.721;524.972;9.8867
646.557;526.263;9.46111
646.394;527.504;9.14435
646.208;528.707;8.96675
645.928;529.869;8.84526
645.587;531.004;8.83768
645.237;532.139;8.84184
644.805;533.253;8.88837
644.354;534.361;8.89916
643.899;535.486;9.32268
643.445;536.678;9.79524
642.93;537.91;10.2139
642.489;538.844;10.6298
641.976;539.779;10.7965
641.395;540.702;11.211
640.738;541.626;11.4252
640.021;542.536;11.8305
639.261;543.437;11.6697
638.499;544.324;11.8778
637.716;545.229;12.1163
636.926;546.162;12.5116
636.132;547.131;12.4387
635.379;548.112;12.0144
634.72;549.084;11.1822
634.188;550.035;10.2742
633.671;551.241;9.16003
633.14;552.593;8.42492
632.667;553.613;8.15077
632.066;554.702;7.02542
631.499;555.722;6.90499
630.696;556.84;6.91619
629.845;557.627;7.20024
628.873;558.385;7.50898
628.074;559.014;7.48459
627.3;559.648;7.32374
626.365;560.406;7.11941
625.457;561.126;6.71696
624.596;561.816;6.42374
623.768;562.453;6.0024
622.75;563.052;5.67375
621.782;563.695;5.83866
620.859;564.394;5.88558
620.052;565.032;6.68287
619.173;565.765;7.22
618.24;566.586;7.80319
617.454;567.308;8.27026
616.638;568.087;8.71139
615.761;568.885;9.11281
614.86;569.737;9.52026
613.921;570.619;9.88202
612.92;571.503;10.2715
612.141;572.186;10.556
611.334;572.88;10.8138
610.194;573.789;11.1681
609.301;574.475;11.4314
608.091;575.433;11.7597
607.156;576.159;11.9913
606.186;576.875;12.2365
605.172;577.571;12.4188
604.107;578.216;12.5006
603.025;578.805;11.9418
601.977;579.339;11.2111
600.986;579.784;10.3094
599.749;580.211;9.065
598.608;580.454;8.53124
597.502;580.557;8.21628
596.427;580.599;8.01651
595.375;580.609;7.86951
594.343;580.677;7.77844
593.321;580.746;7.75518
592.302;580.824;7.6883
591.299;580.973;7.79032
590.263;581.172;8.2536
589.177;581.403;8.61879
588.071;581.737;8.95658
586.939;582.154;9.35808
585.763;582.596;9.70952
584.581;583.141;10.0557
583.365;583.726;10.4069
582.43;584.196;10.5296
581.495;584.677;10.5444
580.584;585.117;9.30443
579.518;585.549;8.14528
578.501;585.888;7.95032
577.491;586.155;7.77168
576.487;586.354;7.666
575.483;586.491;7.63146
574.479;586.641;7.69674
573.48;586.862;7.74951
572.478;587.039;7.66483
571.457;587.175;8.05536
570.376;587.295;8.48702
569.251;587.485;8.88453
568.071;587.683;9.31041
566.832;587.87;9.72252
565.536;588.037;10.1172
564.528;588.175;10.2668
563.502;588.337;10.6737
562.441;588.508;10.8413
561.361;588.682;11.225
560.246;588.853;11.3872
559.109;589.012;11.7496
557.952;589.167;11.5237
556.817;589.342;11.5802
555.688;589.521;11.1253
554.612;589.691;10.4635
553.605;589.842;9.64537
552.391;590;8.34682
551.373;590.119;6.66256
550.305;590.322;6.44791
549.204;590.528;6.67618
548.098;590.711;6.65523
546.974;590.866;6.97294
545.799;590.994;7.31332
544.565;591.093;7.62348
543.538;591.149;7.9162
542.469;591.186;8.22312
541.363;591.22;8.26485
540.263;591.307;8.18272
539.188;591.414;8.03699
538.134;591.531;7.88736
537.098;591.65;7.79636
536.069;591.761;7.76998
535.04;591.862;7.81324
534;591.949;7.94864
532.933;592.021;7.99646
531.866;592.077;7.92585
530.788;592.115;8.41799
529.644;592.139;8.88601
528.438;592.15;9.34031
527.172;592.148;9.78146
525.848;592.136;10.2021
524.819;592.121;10.5096
523.759;592.102;10.8106
522.676;592.081;10.8867
521.594;592.059;10.7282
520.512;592.037;11.0553
519.397;592.015;11.3578
518.253;592.011;11.6223
517.083;592.046;11.8896
515.889;592.115;12.132
514.678;592.216;12.1965
513.463;592.344;12.2619
512.251;592.489;12.0923
511.069;592.641;11.5322
509.943;592.788;11.1249
508.85;592.931;10.8637
507.781;593.062;10.6767
506.73;593.156;10.3136
505.706;593.189;10.1978
504.696;593.171;9.93675
503.377;593.078;9.7812
502.079;592.923;9.73658
500.785;592.73;9.81697
499.482;592.518;9.88809
498.186;592.31;9.65698
496.914;592.126;9.49583
495.657;591.973;9.36529
494.412;591.854;9.27975
493.172;591.771;9.25895
491.929;591.72;9.31303
490.673;591.7;9.46769
489.399;591.706;9.55908
488.13;591.731;9.50704
486.832;591.773;9.95391
485.825;591.808;10.3727
484.783;591.809;10.482
483.729;591.766;10.7212
482.675;591.698;10.2644
481.364;591.578;9.29875
480.157;591.441;9.06764
478.975;591.301;8.94983
477.805;591.171;8.7309
476.678;591.064;8.34514
475.591;590.98;8.14499
474.527;590.917;7.98505
473.483;590.857;7.86451
472.459;590.729;7.7653
471.45;590.542;7.82359
470.431;590.374;7.78865
469.419;590.223;7.76097
468.381;590.088;8.21976
467.281;589.972;8.65781
466.121;589.877;9.07797
464.903;589.807;9.48429
463.633;589.735;9.85474
462.315;589.621;10.2355
461.291;589.518;10.3998
460.247;589.404;10.7919
459.169;589.284;10.9523
458.071;589.161;11.3109
456.946;589.006;11.4593
455.805;588.827;11.8143
454.635;588.628;11.8079
453.473;588.425;11.9087
452.306;588.22;11.9006
451.131;587.983;12.2336
449.934;587.702;12.4164
448.717;587.412;12.7509
447.47;587.123;12.9123
446.206;586.825;13.2093
444.921;586.502;13.3348
443.622;586.187;13.4377
442.334;585.864;12.9292
441.12;585.54;12.0101
439.991;585.251;11.0014
438.954;584.986;10.136
437.722;584.613;8.93063
436.578;584.282;8.67992
435.456;584.002;8.48218
434.365;583.692;8.36311
433.286;583.377;8.35307
432.206;583.046;8.46931
431.155;582.634;8.4002
430.12;582.23;8.1243
429.095;581.867;7.96754
428.102;581.471;7.8597
427.101;581.13;7.81461
426.101;580.787;7.85959
425.112;580.388;7.97169
424.084;580.037;8.19913
423.039;579.715;8.13414
422.011;579.343;8.31739
420.922;578.995;8.75128
419.776;578.64;9.17985
418.585;578.242;9.60941
417.325;577.882;10.03
416.352;577.596;10.4585
415.339;577.304;10.6312
414.299;577.029;10.897
413.259;576.731;10.7258
412.242;576.386;10.938
411.22;575.976;11.1438
410.198;575.509;11.4698
409.186;574.961;11.6132
408.194;574.341;11.945
407.214;573.649;12.1229
406.238;572.909;12.4436
405.244;572.148;12.6022
404.25;571.362;12.9143
403.245;570.546;13.0598
402.219;569.727;13.347
401.174;568.89;13.5133
400.12;568.036;13.7629
399.044;567.164;13.8732
397.95;566.3;14.1202
396.837;565.431;14.2464
395.692;564.578;14.4614
394.517;563.732;14.5946
393.321;562.887;14.8107
392.104;562.034;14.9334
390.885;561.158;15.1323
390.079;560.559;15.235
389.276;559.94;15.3089
388.488;559.305;15.0532
387.371;558.334;14.3559
386.342;557.361;13.883
385.409;556.367;13.2477
384.568;555.374;12.5826
383.842;554.382;11.8245
383.215;553.415;11.0942
382.677;552.479;10.2599
382.135;551.284;9.08765
381.796;550.201;7.68222
381.575;549.048;5.9594
381.459;547.945;3.4026
381.3;546.913;2.24079
381.165;545.901;2.8875
380.759;544.942;3.45738
380.319;543.92;4.0118
379.77;542.951;4.26585
379.233;542.098;4.56586
378.591;541.186;5.16823
377.976;540.313;5.62607
377.283;539.342;6.33589
376.686;538.43;6.79133
376.2;537.375;7.19699
375.796;536.206;7.79713
375.474;535.205;8.07542
375.236;534.139;8.40926
375.05;533.014;8.78973
374.889;531.837;9.14423
374.761;530.609;9.47073
374.589;529.345;9.74473
374.408;528.077;8.93837
374.262;526.99;7.21327
374.139;525.943;5.07445
373.937;524.931;5.23082
373.618;523.941;5.44245
373.375;522.885;5.7689
373.167;521.747;6.15409
373.023;520.733;6.43032
372.847;519.673;6.52274
372.539;518.663;6.5277
372.206;517.601;7.0027
371.946;516.435;7.52364
371.779;515.429;7.87071
371.652;514.366;8.26762
371.568;513.247;8.65634
371.526;512.076;9.03201
371.522;510.856;9.3952
371.553;509.587;9.74944
371.596;508.275;10.0686
371.594;507.263;10.3063
371.571;506.226;10.5505
371.525;505.166;10.7946
371.465;504.084;11.0243
371.426;502.977;11.2472
371.41;501.847;11.4784
371.421;500.696;11.6032
371.455;499.547;10.9707
371.504;498.501;9.68957
371.582;497.302;7.98843
371.679;496.07;7.25135
371.776;494.898;6.91873
371.856;493.791;6.57283
371.93;492.74;6.24388
372.09;491.726;6.14778
372.326;490.746;6.04325
372.519;489.763;6.3288
372.703;488.705;6.86365
372.871;487.542;7.39719
373.005;486.548;7.75966
373.208;485.514;8.16754
373.403;484.502;8.51861
373.614;483.377;8.84435
373.812;482.198;9.22951
374.046;480.975;9.55701
374.366;479.727;9.9056
374.684;478.429;10.2544
374.923;477.425;10.5089
375.2;476.405;10.7318
375.521;475.373;10.9888
375.834;474.313;11.2236
376.128;473.223;11.3936
376.438;472.111;11.7188
376.753;470.976;11.9466
377.104;469.83;12.0666
377.484;468.705;11.5505
377.901;467.655;10.651
378.298;466.713;9.50312
378.861;465.58;9.25192
379.505;464.53;9.06927
380.217;463.552;8.93623
380.976;462.626;8.88825
381.761;461.727;8.90113
382.522;460.798;8.92192
383.273;459.868;8.86068
383.972;458.886;9.23443
384.659;457.83;9.63663
385.274;456.678;9.96596
385.668;455.751;10.336
386.001;454.768;10.4935
386.277;453.745;10.8925
386.51;452.675;11.0796
386.695;451.573;11.4684
386.867;450.445;11.2676
387.028;449.329;11.4496
387.222;448.193;11.6404
387.441;447.037;12.0418
387.702;445.855;12.2121
388.027;444.67;12.5206
388.428;443.478;12.7156
388.887;442.283;13.0039
389.427;441.098;13.1236
390.06;439.943;13.3254
390.788;438.826;13.4615
391.607;437.754;13.6703
392.511;436.722;13.8494
393.49;435.736;14.0763
394.539;434.789;14.2804
395.644;433.876;14.5374
396.788;432.967;14.7637
397.955;432.047;15.0227
398.741;431.42;15.0425
399.517;430.788;14.8804
400.629;429.827;14.4136
401.669;428.852;13.9524
402.63;427.868;13.377
403.509;426.889;12.7515
404.302;425.922;12.0671
405.007;424.972;11.3714
405.66;424.063;10.6326
406.264;423.211;9.86497
406.959;422.178;8.50233
407.563;421.295;7.32531
408.244;420.41;6.3005
408.9;419.644;5.87563
409.673;418.809;5.42781
410.414;418.064;5.15526
411.16;417.346;5.44714
411.951;416.536;5.60588
412.681;415.657;5.9545
413.408;414.915;6.41016
414.225;414.134;7.10701
415.13;413.305;7.73551
415.91;412.603;8.14528
416.689;411.826;8.51898
417.514;411.023;8.90264
418.39;410.197;9.28813
419.314;409.343;9.65888
420.281;408.46;10.0155
421.027;407.78;10.2693
421.79;407.082;10.523
422.578;406.377;10.7412
423.411;405.689;10.974
424.271;404.997;11.2183
425.155;404.296;11.4592
426.059;403.582;11.6964
426.979;402.849;11.9337
427.913;402.091;12.1539
428.855;401.309;12.3751
429.797;400.5;12.5904
430.742;399.662;12.8046
431.688;398.792;12.869
432.616;397.908;12.847
433.527;397.009;12.9276
434.436;396.082;13.1722
435.367;395.14;13.3944
436.322;394.189;13.603
437.289;393.225;13.8129
438.279;392.258;14.0113
439.295;391.289;14.1949
440.341;390.326;14.3837
441.409;389.359;14.5597
442.511;388.404;14.7259
443.646;387.459;14.8951
444.808;386.523;15.0581
445.594;385.9;15.1656
446.387;385.275;15.2722
447.185;384.645;15.3769
447.986;384.009;15.4793
448.788;383.362;15.5801
449.589;382.703;15.6781
450.387;382.03;15.7742
451.181;381.341;15.8628
451.973;380.639;15.9555
452.768;379.935;16.0546
453.564;379.223;16.1506
454.363;378.505;16.246
455.165;377.781;16.336
455.978;377.061;16.4117
456.805;376.348;16.5042
457.636;375.631;16.4271
458.414;374.953;16.6791
459.252;374.226;16.7305
460.101;373.504;16.8009
460.945;372.774;16.8881
461.79;372.038;16.9802
462.639;371.296;17.0716
463.488;370.546;17.1594
464.347;369.796;17.2357
465.219;369.053;17.325
466.092;368.303;17.4072
466.967;367.542;17.4884
467.847;366.777;17.5672
468.727;366.012;17.5747
469.601;365.247;17.2882
470.458;364.494;16.9714
471.294;363.754;16.4958
472.113;363.039;16.1151
472.922;362.351;15.6913
473.705;361.677;15.2271
474.463;361.016;14.7393
475.542;360.053;13.9763
476.537;359.128;13.1966
477.471;358.252;12.3718
478.348;357.421;11.8095
479.194;356.623;11.3855
480.01;355.852;11.1438
480.793;355.076;10.8663
481.543;354.294;10.9133
482.269;353.507;10.35
482.944;352.749;10.0407
483.786;351.763;9.64101
484.531;350.754;9.3731
485.169;349.707;9.18134
485.654;348.607;9.08491
486.043;347.48;9.00801
486.382;346.348;8.86861
486.751;345.242;8.89262
487.077;344.102;9.17423
487.376;342.92;9.47964
487.673;341.694;9.80234
487.958;340.421;10.0872
488.224;339.448;10.1581
488.553;338.483;10.4178
488.965;337.528;10.4404
489.442;336.615;10.304
489.938;335.742;9.60855
490.506;334.697;7.98326
491.08;333.642;6.72385
491.496;332.636;6.34249
491.767;331.646;6.0119
491.939;330.512;5.70819
491.991;329.393;5.4682
491.958;328.278;5.94593
491.876;327.253;6.37093
491.751;326.141;6.92938
491.597;324.95;7.54003
491.462;323.935;7.92942
491.325;322.869;8.30488
491.193;321.752;8.67461
491.073;320.586;9.02237
490.972;319.405;8.93009
490.895;318.238;8.71728
490.843;317.082;8.65817
490.814;315.937;8.55779
490.803;314.802;8.50857
490.793;313.672;8.49276
490.714;312.544;8.50361
490.606;311.42;8.48502
490.484;310.303;8.40776
490.357;309.188;8.60931
490.194;308.037;8.83567
489.933;306.895;8.74251
489.655;305.78;8.6571
489.376;304.675;8.60024
489.024;303.594;8.63353
488.588;302.524;8.90332
488.184;301.433;8.82219
487.755;300.366;8.59667
487.365;299.307;8.45927
487;298.256;8.37982
486.592;297.228;8.37447
486.186;296.198;8.41597
485.696;295.195;8.54389
485.106;294.215;8.82419
484.449;293.264;8.77986
483.777;292.319;8.99748
483.02;291.37;9.4513
482.245;290.361;9.88556
481.492;289.267;10.2424
480.963;288.38;10.4587
480.462;287.45;10.822
480.013;286.46;11.0116
479.586;285.432;11.4122
479.14;284.388;11.2187
478.701;283.355;11.4012
478.226;282.309;11.5888
477.695;281.269;11.8752
477.09;280.249;11.911
476.423;279.257;12.072
475.696;278.294;12.0968
474.914;277.367;12.2836
474.075;276.467;12.3591
473.189;275.598;12.5913
472.268;274.735;12.5444
471.338;273.892;12.6608
470.397;273.057;12.5031
469.457;272.229;12.6179
468.51;271.394;12.6283
467.562;270.553;12.8318
466.606;269.692;12.9076
465.648;268.817;13.1522
464.683;267.917;13.2667
463.717;266.997;13.5305
462.744;266.05;13.6564
461.77;265.083;13.8662
460.799;264.1;13.7351
459.842;263.114;13.6504
458.899;262.146;13.2639
457.964;261.222;12.9185
457.048;260.343;12.2129
456.164;259.523;11.8641
455.282;258.751;11.3964
454.397;258.049;11.0914
453.523;257.39;10.6354
452.659;256.789;10.3678
451.783;256.26;9.93991
450.594;255.699;9.6176
449.38;255.299;9.4697
448.149;255.024;9.38748
446.91;254.812;9.37835
445.663;254.65;9.35781
444.419;254.493;9.3002
443.187;254.336;9.06349
442.079;254.154;7.44308
440.926;253.829;6.94222
439.8;253.523;6.89866
438.686;253.264;6.65957
437.629;252.957;6.60845
436.58;252.637;6.68024
435.507;252.366;6.62202
434.382;252.137;7.19106
433.146;251.941;7.97171
432.081;251.815;8.28825
431.005;251.725;7.69559
429.821;251.669;6.67186
428.709;251.657;6.71772
427.599;251.673;6.6416
426.516;251.69;6.2824
425.49;251.633;6.08738
424.491;251.56;5.8661
423.323;251.529;5.84789
422.13;251.586;5.94331
421.131;251.642;6.13151
420.056;251.709;6.872
418.862;251.785;7.59954
417.827;251.85;8.13491
416.721;251.914;8.65014
415.546;251.974;9.14111
414.305;252.027;9.60647
413.008;252.125;10.0105
412.007;252.266;10.3359
410.975;252.428;10.6722
409.911;252.611;10.9821
408.825;252.845;11.2581
407.728;253.114;11.07
406.704;253.392;9.85544
405.546;253.798;8.26709
404.594;254.168;6.68607
403.628;254.646;6.16795
402.748;255.207;6.15926
401.939;255.829;6.00281
401.176;256.497;6.16467
400.352;257.107;6.20948
399.444;257.698;6.83112
398.495;258.417;7.56291
397.692;259.068;8.07155
396.806;259.712;8.49832
395.814;260.297;8.92952
394.733;260.839;9.3103
393.554;261.277;9.70726
392.304;261.685;10.1205
391.334;262.014;10.4222
390.327;262.335;10.7196
389.307;262.7;10.981
388.289;263.132;11.2166
387.279;263.642;11.4867
386.283;264.226;11.6106
385.338;264.864;10.9215
384.496;265.487;9.73858
383.567;266.269;8.1466
382.804;267.045;7.81122
382.115;268.008;6.41032
381.618;268.947;6.33285
381.082;269.827;6.09117
380.532;270.887;5.77224
379.953;271.901;5.9716
379.213;272.817;6.11336
378.467;273.559;6.78852
377.613;274.367;7.42736
376.896;275.084;7.89356
376.085;275.788;8.32966
375.201;276.504;8.81543
374.267;277.258;9.27729
373.289;278.052;9.72419
372.284;278.904;10.1333
371.531;279.597;10.4499
370.776;280.335;10.7605
370.021;281.114;11.0291
369.276;281.918;10.7294
368.566;282.712;10.3292
367.744;283.715;8.83446
367.083;284.695;8.68736
366.458;285.675;8.56683
365.916;286.686;8.47095
365.49;287.741;8.4862
365.07;288.806;8.54879
364.627;289.875;8.6062
364.205;290.955;8.69294
363.698;292.035;9.13663
363.078;293.125;9.62756
362.365;294.231;10.0849
361.794;295.078;10.5342
361.193;295.951;10.7451
360.566;296.838;11.1724
359.912;297.754;11.3865
359.231;298.683;11.794
358.519;299.631;11.975
357.803;300.604;12.3322
357.066;301.602;12.5148
356.319;302.62;12.83
355.585;303.677;12.8184
354.866;304.739;12.9463
354.178;305.819;12.539
353.519;306.867;12.1369
352.912;307.879;11.1923
352.364;308.816;10.2493
351.871;309.71;10.0894
351.294;310.898;9.79507
350.715;312.053;9.6518
350.187;313.213;9.57449
349.721;314.391;9.54168
349.353;315.603;9.58673
349.017;316.828;9.59831
348.707;318.081;9.99409
348.446;319.056;10.2267
348.184;320.059;10.6742
347.881;321.092;10.8972
347.562;322.15;11.3161
347.193;323.228;11.4844
346.758;324.299;11.7761
346.236;325.355;11.8011
345.641;326.37;11.5944
345.002;327.301;10.8744
344.339;328.117;9.95662
343.426;329.069;9.6833
342.479;329.934;9.45856
341.536;330.775;9.36033
340.602;331.613;9.31736
339.707;332.49;9.33708
338.838;333.397;9.41073
338.004;334.346;9.40196
337.259;335.362;9.59502
336.53;336.45;10.0865
335.987;337.314;10.5347
335.475;338.242;10.7187
335.022;339.225;11.1275
334.591;340.264;11.3814
334.181;341.342;11.7784
333.816;342.469;12.0048
333.46;343.628;12.4107
333.089;344.808;12.2745
332.732;345.983;12.488
332.362;347.185;12.7241
331.947;348.398;13.086
331.453;349.618;13.2898
330.874;350.829;13.5811
330.207;352.023;13.8227
329.472;353.204;14.1114
328.662;354.367;14.3321
327.791;355.515;14.6263
326.872;356.658;14.8634
325.901;357.792;15.1556
325.233;358.556;15.3305
324.55;359.325;15.5017
323.866;360.106;15.653
323.185;360.896;15.5308
322.525;361.686;15.2109
321.902;362.472;14.7545
321.055;363.656;14.2663
320.327;364.855;13.6628
319.715;366.049;12.9774
319.239;367.23;12.2282
318.886;368.38;11.4891
318.64;369.476;10.7674
318.484;370.515;10.0067
318.321;371.791;8.93436
318.112;372.898;7.71639
317.833;373.876;7.46599
317.345;374.964;6.75368
316.739;375.891;6.44771
316.05;376.688;6.17726
315.307;377.361;5.87385
314.283;377.966;5.90568
313.161;378.376;5.98812
312.136;378.639;6.78939
311.036;379.027;7.3407
310.139;379.47;7.58739
309.253;380.034;8.06715
308.363;380.681;8.23845
307.554;381.356;7.37269
306.758;382.118;5.44468
306.005;382.892;5.31473
305.4;383.723;5.24477
304.881;384.655;5.49438
304.248;385.487;5.4626
303.496;386.312;6.05256
302.661;387.147;6.08318
301.877;387.817;6.57072
300.908;388.398;7.08048
299.793;388.922;7.78523
298.851;389.402;8.26152
297.827;389.854;8.70185
296.728;390.289;9.1472
295.549;390.666;9.57699
294.313;391.054;9.97444
293.37;391.405;10.2658
292.41;391.798;10.5841
291.443;392.245;10.8413
290.485;392.769;11.093
289.543;393.37;11.3741
288.614;394.037;11.6518
287.698;394.771;11.944
286.786;395.555;12.2361
285.877;396.387;12.5257
284.967;397.261;12.8105
284.044;398.146;12.7536
283.121;399.026;12.8598
282.161;399.899;13.1698
281.151;400.759;13.435
280.081;401.585;13.6985
278.945;402.36;13.8752
277.743;403.05;13.8277
276.503;403.626;13.3936
275.267;404.073;12.7953
274.054;404.39;12.1291
272.883;404.583;11.442
271.768;404.661;10.7588
270.717;404.657;10.1137
269.42;404.58;9.143
268.261;404.499;7.97857
267.037;404.488;6.35902
265.861;404.527;5.49104
264.762;404.701;5.31986
263.735;405.09;5.27588
262.803;405.6;5.1617
261.955;406.181;4.8818
261.03;406.676;5.43389
259.986;407.219;6.14095
259.045;407.717;6.40771
258.042;408.125;6.65479
256.912;408.442;7.54124
255.917;408.703;7.99524
254.852;408.965;8.5235
253.708;409.183;9.05858
252.499;409.421;9.54066
251.228;409.676;10.0348
250.229;409.856;10.3936
249.198;410.054;10.7216
248.146;410.299;11.0363
247.073;410.595;11.33
245.995;410.966;11.5967
244.91;411.402;11.924
243.798;411.855;12.2243
242.652;412.309;12.5383
241.485;412.779;12.6558
240.301;413.218;12.5992
239.094;413.612;12.9461
237.848;414;13.2724
236.561;414.361;13.5717
235.233;414.679;13.8782
233.872;414.992;14.1804
232.479;415.296;14.4531
231.052;415.562;14.6174
229.614;415.777;14.4121
228.2;415.928;13.9104
226.837;416.023;13.2831
225.533;416.094;12.6795
224.288;416.135;12.0733
223.104;416.158;11.4185
221.626;416.169;10.5425
220.601;416.18;9.71192
219.364;416.241;8.53417
218.295;416.332;7.28529
217.208;416.451;5.42021
216.193;416.568;3.26538
215.109;416.687;3.06926
214.151;416.976;3.65451
213.195;417.454;4.40011
212.171;417.805;4.98288
211.152;418.048;5.60776
209.998;418.241;6.15584
208.99;418.351;6.3959
207.901;418.512;7.09458
206.746;418.693;6.76088
205.689;418.826;5.82262
204.526;418.944;5.92487
203.353;419.032;6.06561
202.166;419.09;5.8231
201.026;419.193;5.66648
199.912;419.407;5.77772
198.763;419.585;6.01227
197.748;419.725;6.39194
196.685;419.85;6.54122
195.58;419.955;7.17776
194.362;420.099;7.84509
193.328;420.326;8.36255
192.225;420.58;8.89683
191.046;420.814;9.43365
189.79;421.027;9.95482
188.802;421.202;10.0181
187.817;421.401;10.2404
186.816;421.596;10.3076
185.788;421.787;10.8184
184.712;421.969;11.0845
183.607;422.162;11.5373
182.465;422.382;11.7876
181.296;422.605;12.2249
180.087;422.828;12.4636
178.849;423.054;12.8542
177.583;423.31;13.079
176.292;423.576;13.3122
174.989;423.84;13.3143
173.691;424.132;13.4348
172.389;424.442;13.2031
171.118;424.741;12.6566
169.914;425.012;11.8261
168.796;425.285;10.9475
167.762;425.53;10.0437
166.517;425.809;8.82855
165.439;426.095;7.65651
164.454;426.41;7.53445
163.458;426.682;7.58978
162.483;426.924;7.34954
161.337;427.281;6.97748
160.232;427.598;6.7705
159.144;427.851;6.62574
158.048;428.048;6.69293
156.941;428.294;6.87372
155.818;428.601;7.20439
154.838;428.812;7.79135
153.779;429.001;8.35238
152.646;429.178;8.85557
151.463;429.431;9.31336
150.225;429.729;9.79886
148.915;430.002;10.2848
147.889;430.184;10.7521
146.818;430.344;10.9899
145.721;430.522;11.4114
144.591;430.729;11.6512
143.431;430.929;12.08
142.231;431.118;12.3184
140.999;431.287;12.7242
139.734;431.443;12.7705
138.468;431.607;12.8204
137.187;431.768;13.1091
135.874;431.925;13.5256
134.521;432.073;13.7882
133.138;432.209;14.1644
131.723;432.359;14.416
130.281;432.523;14.7695
128.807;432.699;15.022
127.81;432.819;15.2167
126.799;432.939;15.4075
125.775;433.054;15.5955
124.739;433.166;15.778
123.692;433.287;15.9487
122.634;433.417;15.9669
121.581;433.55;15.7938
120.544;433.685;15.46
119.527;433.819;15.2217
118.527;433.947;14.9208
117.066;434.124;14.4016
115.655;434.272;13.8137
114.302;434.399;13.1963
113.013;434.525;12.5485
111.787;434.646;11.8944
110.628;434.762;11.2175
109.535;434.868;10.5704
108.506;434.961;9.89471
107.237;435.058;8.9233
106.093;435.123;8.3089
105.013;435.16;7.95743
103.969;435.175;7.78773
102.941;435.174;7.70067
101.924;435.214;7.6375
100.913;435.313;7.69871
99.8975;435.423;7.78009
98.8738;435.542;7.82496
97.8353;435.662;8.1643
96.7329;435.782;8.70811
95.2499;435.924;9.26919
93.9878;436.024;9.76622
92.6581;436.107;10.2523
91.621;436.155;10.7236
90.5413;436.192;10.9639
89.4326;436.215;11.4166
88.2834;436.226;11.655
87.1061;436.226;12.0857
85.8902;436.214;12.3248
84.6467;436.193;12.7361
83.3661;436.164;12.9746
82.0595;436.128;13.3284
80.7225;436.088;13.5006
79.3665;436.047;13.6608
78.0031;436.007;13.6164
76.6545;435.971;13.3513
75.3395;435.941;12.7481
74.0864;435.918;12.0238
72.9191;435.903;11.0694
71.8332;435.896;10.6395
70.7786;435.895;10.4503
69.7433;435.9;10.162
68.7289;435.908;10.1817
67.7152;435.919;10.0297
66.7111;435.932;10.1337
65.7007;435.946;10.0371
64.6939;435.96;10.1995
63.677;435.956;10.0959
62.663;435.914;10.4223
61.6142;435.84;10.6688
60.5387;435.738;11.1306
59.4244;435.612;11.3754
58.2832;435.471;11.8189
56.7059;435.268;12.2643
55.4813;435.117;12.505
54.2279;434.973;12.9117
52.936;434.842;13.1529
51.6265;434.731;13.2039
50.3106;434.646;13.2789
48.9737;434.561;13.6818
47.6004;434.465;13.9547
46.1985;434.356;14.3383
44.7619;434.236;14.6016
43.2974;434.112;14.9545
41.8001;433.989;15.1913
40.7878;433.913;15.332
39.7681;433.843;15.321
38.7524;433.778;15.1458
37.7507;433.705;14.8836
36.2869;433.584;14.4372
34.8644;433.452;13.9762
33.4962;433.312;13.3952
32.1904;433.156;12.7196
30.9541;432.972;12.2057
29.7641;432.773;11.7834
28.611;432.567;11.6375
27.475;432.361;11.3636
26.3633;432.152;11.2442
25.2823;431.908;10.8191
24.2417;431.626;10.9062
23.1916;431.346;10.7385
22.1468;431.084;10.6806
21.1214;430.854;10.072
19.8463;430.587;9.04667
18.6781;430.329;8.64706
17.5529;430.118;8.36248
16.4497;429.943;8.24704
15.3692;429.72;8.16817
14.2986;429.479;8.17103
13.2196;429.263;8.22806
12.1249;429.076;8.29572
11.0249;428.884;8.40145
9.90379;428.607;8.91941
8.71653;428.319;9.41659
7.45756;428.048;9.90456
6.48273;427.811;10.3445
5.4778;427.531;10.5861
4.44249;427.258;11.0072
3.37046;426.994;11.0156
2.3102;426.71;10.5559
1.31815;426.442;9.60899
0.136374;426.153;8.7823
-0.987215;425.855;8.55028
-2.06911;425.49;8.47323
-3.12703;425.085;8.4373
-4.16368;424.631;8.46901
-5.21868;424.204;8.53819
-6.31278;423.847;8.69777
-7.42456;423.495;8.7191
-8.55293;423.154;9.03529
-9.75297;422.844;9.54879
-11.0048;422.476;10.0429
-11.9778;422.176;10.5157
-12.9766;421.821;10.7581
-13.9988;421.446;11.2093
-15.0679;421.083;11.4513
-16.1648;420.713;11.885
-17.2857;420.307;11.9199
-18.3993;419.877;11.9624
-19.5139;419.414;12.2439
-20.6596;418.946;12.6603
-21.8522;418.497;12.9103
-23.0787;418.058;13.2966
-24.3489;417.639;13.5452
-25.6495;417.218;13.9087
-26.9843;416.787;14.1268
-28.3324;416.333;14.4109
-29.7019;415.895;14.2478
-31.0383;415.473;13.6514
-32.3152;415.061;13.0282
-33.5249;414.629;12.5184
-34.6573;414.153;11.8116
-35.6945;413.63;11.1055
-36.6211;413.073;10.1594
-37.6591;412.309;8.94928
-38.5309;411.498;8.74116
-39.3035;410.623;8.63327
-40.0272;409.71;8.65161
-40.7445;408.796;8.69388
-41.4561;407.897;8.47567
-42.1669;407.022;8.33399
-42.9117;406.197;8.24853
-43.6544;405.39;8.21733
-44.4004;404.589;8.23941
-45.1599;403.791;8.32732
-45.9727;403.032;8.39031
-46.802;402.293;8.42864
-47.6437;401.508;8.94036
-48.5237;400.667;9.43871
-49.4413;399.756;9.85812
-50.1149;399.012;10.1489
-50.7798;398.236;10.4559
-51.4463;397.422;10.7248
-52.0862;396.553;11.0078
-52.736;395.654;11.1335
-53.3889;394.754;11.1478
-54.0242;393.835;11.2273
-54.6694;392.889;11.5123
-55.2922;391.909;11.7347
-55.8811;390.894;11.8954
-56.4382;389.854;11.5916
-56.9324;388.837;10.8272
-57.3258;387.865;9.94618
-57.6997;386.661;8.64849
-57.9171;385.615;6.95477
-58.1485;384.449;6.94862
-58.3116;383.332;6.62453
-58.44;382.247;6.63444
-58.6282;381.165;6.71557
-58.7871;380.035;7.07227
-59.0179;378.856;7.45107
-59.3688;377.68;7.41726
-59.6611;376.509;7.26128
-59.9358;375.357;6.83958
-60.3216;374.276;6.8851
-60.6959;373.195;6.87231
-60.981;372.074;6.99753
-61.2626;370.93;7.15597
-61.5804;369.806;7.18887
-61.8436;368.608;7.66292
-62.0307;367.579;8.1008
-62.2693;366.51;8.50801
-62.5169;365.385;8.92507
-62.7528;364.202;9.32393
-62.9806;362.965;9.69198
-63.2492;361.717;9.6025
-63.5148;360.472;9.77829
-63.7703;359.176;10.1723
-63.9521;358.169;10.4455
-64.1599;357.14;10.6993
-64.3829;356.088;10.9571
-64.6305;355.017;11.1755
-64.9327;353.938;11.3755
-65.2743;352.848;11.6012
-65.6152;351.735;11.6558
-65.9676;350.629;11.646
-66.3517;349.538;11.6345
-66.7309;348.437;11.7576
-67.1212;347.327;11.8891
-67.5393;346.211;12.0369
-67.9466;345.079;12.0112
-68.3648;343.969;11.5254
-68.7395;342.914;10.6669
-69.0679;341.933;9.66393
-69.4487;340.797;7.98361
-69.8054;339.663;5.8993
-70.2961;338.616;5.61926
-70.8869;337.722;5.30376
-71.5315;336.886;5.63005
-72.2801;336.023;6.14811
-72.9641;335.255;6.46607
-73.6458;334.43;6.5482
-74.365;333.613;6.93689
-75.1405;332.715;7.42145
-75.7252;331.888;7.7879
-76.2658;330.969;8.28
-76.8517;330.006;8.73024
-77.4716;328.994;9.14572
-78.0513;327.901;9.53008
-78.6187;326.743;9.92087
-79.0949;325.862;10.2214
-79.5874;324.955;10.5088
-80.083;324.018;10.7951
-80.6251;323.076;11.0757
-81.1891;322.111;11.3629
-81.7797;321.13;11.638
-82.419;320.147;11.8833
-83.1226;319.18;12.1457
-83.8764;318.216;12.4229
-84.6563;317.238;12.6949
-85.4694;316.259;12.7773
-86.3061;315.297;12.6862
-87.1762;314.359;12.962
-88.0765;313.425;12.9362
-88.9795;312.521;12.4792
-89.8545;311.671;11.6784
-90.6586;310.867;10.8011
-91.3922;310.117;9.939
-92.2467;309.217;8.30462
-92.9401;308.463;7.33821
-93.793;307.592;7.20321
-94.6909;306.783;7.29751
-95.548;305.921;7.30615
-96.3868;305.037;7.37143
-97.237;304.119;7.69731
-97.9457;303.344;8.08581
-98.7086;302.553;8.4277
-99.5249;301.79;8.42804
-100.35;301.043;8.30613
-101.183;300.311;8.27481
-102.017;299.59;8.23435
-102.868;298.894;8.26613
-103.72;298.184;8.36905
-104.572;297.449;8.55323
-105.445;296.692;8.83508
-106.359;295.964;8.80602
-107.255;295.2;9.08323
-108.211;294.416;9.55843
-109.227;293.605;10.055
-110.014;292.959;10.4217
-110.821;292.28;10.7772
-111.652;291.577;11.1064
-112.527;290.876;11.4362
-113.43;290.157;11.7408
-114.351;289.421;11.8237
-115.243;288.7;10.7282
-116.054;288.067;9.49494
-116.991;287.349;7.85349
-117.834;286.71;7.69963
-118.699;286.142;7.51918
-119.595;285.67;7.4168
-120.742;285.194;7.47337
-121.937;284.819;7.58326
-122.876;284.462;7.51169
-123.804;284.062;7.81198
-124.789;283.655;8.28668
-125.795;283.153;8.68365
-126.797;282.531;9.13737
-127.818;281.829;9.56776
-128.842;281.033;9.99777
-129.897;280.185;10.4235
-130.703;279.507;10.7356
-131.522;278.797;11.0326
-132.662;277.837;11.4263
-133.547;277.099;11.7114
-134.471;276.365;11.9916
-135.428;275.628;12.2747
-136.418;274.885;12.5554
-137.772;273.892;12.5579
-138.813;273.193;12.6217
-140.28;272.337;12.903
-141.451;271.784;13.0848
-142.677;271.307;13.3431
-143.949;270.884;13.5676
-145.266;270.528;13.8027
-146.62;270.235;13.9937
-148.457;269.913;13.8622
-149.814;269.71;13.4883
-151.125;269.499;12.8499
-152.378;269.249;12.6485
-153.591;268.926;12.3576
-155.129;268.359;12.1766
-156.22;267.827;12.1533
-157.257;267.199;12.1092
-158.231;266.48;12.1908
-159.147;265.675;12.2491
-160.288;264.492;12.4524
-161.095;263.536;12.6858
-161.895;262.546;12.7845
-162.711;261.564;12.7582
-163.561;260.616;12.5768
-164.426;259.715;12.3636
-165.323;258.882;12.0032
-166.249;258.145;11.6043
-167.203;257.52;11.1203
-168.176;257.013;10.8042
-169.165;256.623;10.3857
-170.149;256.333;10.112
-171.437;256.044;9.70367
-172.694;255.887;9.37678
-173.923;255.794;9.20931
-175.134;255.712;9.09047
-176.33;255.591;9.04163
-177.513;255.418;9.00791
-178.664;255.127;8.86082
-179.756;254.686;9.04144
-180.807;254.077;9.32401
-181.776;253.29;9.59471
-182.632;252.333;9.88919
-183.391;251.239;10.336
-184.133;250.06;10.759
-184.72;249.149;10.9503
-185.573;247.934;11.298
-186.291;247.049;11.4984
-187.069;246.209;11.3542
-187.912;245.452;11.4715
-188.839;244.768;11.682
-189.833;244.141;11.951
-190.898;243.597;12.014
-192.012;243.153;12.0455
-193.154;242.805;11.7053
-194.282;242.556;11.4012
-195.757;242.359;11.0057
-196.843;242.283;10.7094
-197.914;242.216;10.8116
-199.335;242.074;10.6116
-200.379;241.925;10.375
-201.393;241.708;10.3758
-202.695;241.277;10.301
-203.625;240.834;10.2878
-204.505;240.296;10.4481
-205.333;239.66;10.4965
-206.099;238.936;10.7244
-206.823;238.139;10.8863
-207.757;237.002;11.1796
-208.428;236.096;11.5196
-209.096;235.15;11.6702
-209.781;234.192;12.0084
-210.497;233.22;12.1627
-211.246;232.249;12.4911
-212.038;231.275;12.6547
-212.875;230.314;12.9369
-214.085;229.072;13.2192
-215.061;228.175;13.2877
-216.434;227.093;12.7811
-217.491;226.405;12.4364
-218.899;225.59;11.9746
-219.941;225.025;11.5583
-220.962;224.504;11.3171
-221.951;223.978;10.9565
-222.898;223.436;10.8675
-223.813;222.861;10.6579
-224.977;222.042;10.5818
-225.837;221.422;10.658
-226.68;220.777;10.5131
-227.484;220.097;10.6497
-228.266;219.363;10.8286
-229.029;218.577;11.2121
-229.779;217.734;11.3998
-230.513;216.847;11.7743
-231.256;215.925;11.9496
-231.99;214.97;12.2344
-232.723;213.995;11.9875
-233.433;213.039;11.5394
-234.082;212.121;10.6202
-234.636;211.254;9.8316
-235.291;210.215;8.21118
-236.049;209.099;7.86694
-236.625;208.249;7.55794
-237.377;207.26;7.27044
-238.128;206.322;7.13856
-238.816;205.363;7.05417
-239.542;204.438;7.08127
-240.272;203.517;7.11735
-240.951;202.497;7.69369
-241.716;201.417;8.36957
-242.586;200.285;8.81588
-243.526;199.099;9.45866
-244.447;197.785;9.85693
-245.158;196.65;10.2328
-245.674;195.751;10.6493
-246.384;194.507;11.0427
-246.945;193.548;11.2093
-247.553;192.593;11.5713
-248.429;191.309;11.8867
-249.121;190.351;11.5339
-249.788;189.415;11.371
-250.441;188.521;10.492
-251.02;187.686;9.56945
-251.663;186.657;8.67905
-252.293;185.391;8.1874
-252.906;184.178;8.14528
-253.564;183.007;7.87422
-254.156;181.826;7.99187
-254.688;180.607;7.89651
-255.062;179.348;8.07136
-255.259;178.273;8.57099
-255.443;176.826;8.9583
-255.598;175.313;8.95807
-255.741;174.108;9.07065
-256.028;172.611;9.27663
-256.299;171.411;9.26767
-256.586;170.219;9.13827
-256.95;169.084;8.80912
-257.432;168.035;8.58048
-258.027;167.072;8.51378
-258.638;166.127;8.48874
-259.24;165.179;8.50425
-260.057;164.019;8.51867
-260.698;163.067;8.46694
-261.533;161.905;8.92492
-262.206;160.905;9.3918
-263.03;159.543;9.75247
-263.585;158.34;10.103
-263.934;157.378;10.5084
-264.219;156.36;10.6901
-264.486;154.937;11.0615
-264.63;153.458;11.0868
-264.686;151.973;11.2842
-264.679;150.831;11.7188
-264.651;149.65;11.9398
-264.636;148.443;12.3491
-264.633;147.2;12.5663
-264.646;145.932;12.9352
-264.693;144.633;13.1063
-264.792;143.316;13.4312
-264.939;141.974;13.6272
-265.131;140.615;13.9311
-265.453;138.774;14.2198
-265.872;136.937;14.0839
-266.226;135.584;13.8106
-266.587;134.264;13.4733
-267.037;132.568;12.6691
-267.403;130.984;11.4343
-267.655;129.546;10.1674
-267.79;128.261;9.30968
-267.826;126.729;8.97107
-267.763;125.231;9.04574
-267.666;124.049;8.73635
-267.515;122.628;8.34867
-267.387;121.52;8.22274
-267.262;120.425;8.15405
-267.147;119.334;8.14459
-267.047;118.24;8.19882
-266.964;117.134;8.261
-266.901;116.026;8.24065
-266.858;114.899;8.6688
-266.832;113.707;9.1676
-266.823;112.451;9.64979
-266.805;110.799;10.3038
-266.741;109.762;10.51
-266.653;108.701;10.9483
-266.542;107.604;11.1626
-266.417;106.488;11.373
-266.244;104.997;11.3964
-266.114;103.855;11.6265
-265.979;102.687;12.0328
-265.746;101.085;12.4355
-265.481;99.4338;12.8264
-265.2;97.7331;13.1965
-264.914;95.9841;13.5352
-264.588;94.1959;13.8777
-264.246;92.3646;14.2043
-263.883;90.4945;14.4901
-263.446;88.6058;14.5895
-262.906;86.7498;14.4556
-262.306;84.9327;14.1097
-261.824;83.6286;13.5233
-261.341;82.3882;12.9289
-260.877;81.2061;12.2435
-260.405;80.1002;11.7265
-259.941;79.0407;11.2468
-259.469;78.0273;11.0765
-258.996;77.0355;10.7671
-258.537;76.0605;10.7892
-257.882;74.7837;10.6893
-257.238;73.5545;10.1091
-256.423;72.1314;9.40122
-255.761;71.0827;9.01123
-255.114;70.0753;8.79091
-254.464;69.0968;8.65603
-253.689;67.8781;8.71167
-252.959;66.6328;8.57987
-252.256;65.3817;8.67421
-251.618;64.0572;9.04764
-251.037;62.6213;9.69107
-250.573;61.4016;10.0958
-250.045;60.1492;10.494
-249.656;59.1667;10.6791
-249.24;58.17;11.0848
-248.803;57.143;11.2726
-248.179;55.7474;11.656
-247.703;54.6704;12.0394
-247.186;53.5757;12.2
-246.414;52.1224;12.4317
-245.549;50.7247;12.096
-244.877;49.7416;11.7161
-244.168;48.8326;11.2211
-243.197;47.7418;10.3474
-242.258;46.8257;9.06954
-241.362;46.063;8.65393
-240.471;45.3706;8.3317
-239.597;44.7203;8.0698
-238.761;44.0786;7.82282
-237.976;43.4204;7.64664
-237.229;42.748;7.54365
-236.308;41.9106;7.32718
-235.367;41.1031;7.57109
-234.472;40.2316;7.42312
-233.761;39.484;7.93464
-233.023;38.671;8.42555
-232.264;37.7944;8.8708
-231.541;36.8212;9.23226
-230.873;35.7484;9.68414
-230.158;34.6402;10.0687
-229.583;33.797;10.5046
-228.974;32.9316;10.6959
-228.104;31.7675;11.0962
-227.405;30.8906;11.4897
-226.659;30.0072;11.6808
-225.874;29.1264;12.059
-225.064;28.2229;12.2486
-224.221;27.3202;12.5981
-223.325;26.4276;12.7162
-222.373;25.5815;12.6275
-221.384;24.8236;12.1762
-220.376;24.1778;11.6738
-219.377;23.6242;10.9669
-218.432;23.1261;10.2045
-217.298;22.5179;8.66975
-216.303;22.016;8.1643
-215.36;21.5187;7.9384
-214.43;21.0508;7.79047
-213.536;20.5535;7.66727
-212.706;19.9806;7.62217
-211.905;19.3709;7.65855
-211.094;18.7741;7.61649
-210.263;18.1987;7.86768
-209.398;17.5811;8.31619
-208.453;16.9761;8.768
-207.475;16.3109;9.21449
-206.469;15.5841;9.63508
-205.401;14.8477;10.0546
-204.566;14.275;10.226
-203.689;13.7283;10.6207
-202.759;13.2014;10.776
-201.78;12.7295;11.0802
-200.742;12.3297;11.2283
-199.659;11.9991;11.5579
-198.528;11.7394;11.743
-197.361;11.5429;12.0921
-196.167;11.38;11.9309
-194.981;11.2394;12.1181
-193.766;11.1101;12.3349
-192.531;10.9791;12.5663
-191.293;10.8216;12.2012
-190.117;10.6386;11.4026
-189.032;10.4082;10.5378
-188.041;10.1525;9.6975
-186.852;9.71637;9.37158
-185.748;9.15867;9.26897
-184.706;8.51594;9.19918
-183.745;7.77867;9.05781
-182.81;7.03535;8.95507
-181.843;6.35414;8.88152
-180.829;5.74727;8.95759
-179.76;5.22066;9.08616
-178.612;4.81527;9.34251
-177.392;4.53062;9.66746
-176.136;4.33191;9.63869
-174.879;4.22016;9.44745
-173.633;4.15742;9.37524
-172.395;4.09836;9.34775
-171.158;4.04672;9.37838
-169.912;4.00227;9.46816
-168.652;3.96609;9.60666
-167.375;3.88551;9.71721
-166.099;3.7359;9.69819
-164.82;3.56516;9.95314
-163.828;3.42559;10.0134
-162.834;3.28781;9.79196
-161.586;3.12859;8.88324
-160.425;3.00512;8.75163
-159.278;2.89406;8.67926
-158.142;2.72258;8.72011
-156.999;2.53738;8.75604
-155.857;2.35672;8.68929
-154.728;2.19285;8.54753
-153.612;2.05336;8.46226
-152.501;1.94094;8.43592
-151.39;1.8523;8.47305
-150.273;1.72062;8.57897
-149.143;1.5682;8.74605
-147.991;1.40863;8.88085
-146.837;1.25504;8.89838
-145.642;1.11148;9.39617
-144.38;0.982422;9.88474
-143.051;0.874336;10.3586
-142.009;0.809687;10.5901
-140.937;0.760898;11.0439
-139.824;0.728008;11.2707
-138.684;0.711211;11.701
-137.505;0.709609;11.765
-136.327;0.721523;11.9052
-135.14;0.745391;11.9607
-133.931;0.779414;12.3919
-132.683;0.821523;12.6288
-131.409;0.869023;13.0229
-130.099;0.919531;13.2456
-128.764;0.97;13.605
-127.397;1.01812;13.8163
-126.005;1.06121;14.1452
-124.106;1.10719;14.4861
-122.651;1.13109;14.6868
-121.173;1.14469;14.9751
-119.669;1.14773;15.1742
-118.653;1.14406;15.3324
-117.627;1.13609;15.4888
-116.591;1.12414;15.6436
-115.545;1.10883;15.797
-114.489;1.09066;15.9489
-113.423;1.07035;16.0996
-112.346;1.04859;16.2433
-111.261;1.03719;16.3715
-110.167;1.04527;16.5069
-109.064;1.07328;16.6409
-107.395;1.15773;16.8437
-106.274;1.24437;16.9753
-105.145;1.35316;17.1112
-104.01;1.48125;17.2472
-102.867;1.62469;17.3667
-101.719;1.77766;17.2207
-100.587;1.93141;16.8898
-99.48;2.07898;16.4529
-98.397;2.21535;16.1493
-97.3337;2.33652;15.7929
-96.2929;2.43918;15.4008
-95.277;2.52105;14.9817
-93.8039;2.60254;14.3167
-92.3965;2.63531;13.6224
-91.0587;2.62457;12.926
-89.7919;2.57875;12.1914
-88.5991;2.50852;11.5575
-87.4624;2.4223;11.064
-86.3585;2.32758;11.0726
-85.2552;2.22898;11.0453
-84.1682;2.13293;10.6584
-83.1266;2.04699;10.1208
-81.4857;1.93301;9.58788
-80.2337;1.86996;9.27124
-79.0164;1.83098;9.08488
-77.5189;1.81145;8.81619
-76.3369;1.81461;8.76722
-75.1584;1.82961;8.76049
-73.9823;1.85312;8.74218
-72.791;1.88312;9.12625
-71.5414;1.91684;9.58068
-70.2331;1.95133;10.0213
-69.2176;1.97617;10.4628
-68.1636;1.99945;10.6584
-67.0852;2.02012;11.0765
-65.9699;2.03766;11.2699
-64.8309;2.05152;11.6684
-63.6565;2.06164;11.8613
-62.4588;2.06785;12.2418
-61.2271;2.07027;12.4359
-59.9723;2.06895;12.7998
-58.6849;2.06414;12.8441
-57.4023;2.05656;12.8217
-56.1372;2.04703;12.4834
-54.9064;2.03633;11.9771
-53.7332;2.02523;11.2591
-52.6358;2.0148;10.434
-51.6229;2.00574;9.54796
-50.41;1.99633;8.38865
-49.3112;1.98996;8.21012
-48.2306;1.98496;8.14769
-46.8813;1.98098;7.93796
-45.809;1.97949;7.8922
-44.7414;1.97914;7.91658
-43.6648;1.98039;8.0628
-42.5623;1.98316;8.34167
-41.4177;1.98687;8.71614
-40.224;1.99109;9.09668
-38.9811;1.99527;9.47501
-37.7179;1.9991;9.46494
-36.4609;2.00219;9.30385
-34.9002;2.00484;9.49115
-33.6418;2.00648;9.50426
-32.3816;2.00766;9.54575
-31.1126;2.00797;9.65296
-29.8251;2.00727;9.8455
-28.5058;2.00586;9.95408
-27.1806;2.00398;9.93287
-26.1765;2.0025;10.1977
-25.1404;2.00117;10.693
-24.0611;1.99988;10.9393
-22.9526;1.99879;11.4022
-21.803;1.99789;11.6431
-20.6251;1.99719;12.0792
-19.4082;1.99672;12.3159
-17.7386;1.99645;12.7484
-16.4514;1.99656;13.014
-15.153;1.99684;12.9478
-13.8555;1.99727;13.2081
-12.5249;1.99789;13.4659
-11.1658;1.99859;13.8512
-9.77196;2.00312;14.0764
-8.35608;2.04406;14.3527
-6.9223;2.12711;14.2922
-5.50844;2.24812;14.0154
-4.13509;2.40051;13.4332
-2.81692;2.56949;13.1008
