1.05543;7.8125e-05;2.56289
2.16407;7.8125e-05;3.57515
3.20568;0.000195312;4.31332
4.23927;0.00046875;4.5143
5.36663;0.000742187;5.19372
6.47158;0.00101562;6.07025
7.52882;0.00132813;6.62897
8.68705;0.00171875;7.42176
9.69121;0.00203125;7.88864
10.7593;0.00246094;8.3506
11.8889;0.00292969;8.80253
13.0771;0.00347656;9.23716
14.3225;0.00414062;9.65997
15.6234;0.00476563;10.0706
16.6382;0.00535156;10.2502
17.6759;0.0059375;10.6717
18.7497;0.0065625;10.845
19.8461;0.00726563;11.2411
20.9774;0.00796875;11.4205
22.131;0.00875;11.8013
23.3183;0.00957031;11.9831
24.5278;0.0103906;12.3553
25.7698;0.0113281;12.5346
27.0341;0.0123047;12.7163
28.33;0.0133594;13.0768
29.6482;0.0144141;13.4165
30.9855;0.0155078;13.4058
32.3143;0.0166797;13.4381
33.6674;0.0178516;13.6647
35.0453;0.0190234;14.0222
36.455;0.0203125;14.2334
37.8886;0.0216016;14.5616
39.3517;0.0230078;14.7652
40.8377;0.0244141;15.0613
41.8432;0.0254297;15.2243
42.8596;0.0264844;15.3848
43.8868;0.0275391;15.5429
44.9245;0.0286328;15.699
45.9727;0.0297266;15.8532
47.0313;0.0308594;16.0057
48.1001;0.0320312;16.1566
49.179;0.0332031;16.3061
50.2679;0.0344531;16.4543
51.3668;0.0357031;16.6014
52.4755;0.0369922;16.7553
53.5941;0.0383203;16.8925
54.7223;0.0396484;17.0368
55.8602;0.0410156;17.1802
57.0077;0.0424219;17.323
58.1647;0.0438281;17.4732
59.3313;0.0453125;17.5318
60.5073;0.0468359;17.7558
61.6927;0.0483594;17.8879
62.8875;0.0499219;17.9562
64.0916;0.0514844;18.1672
65.3051;0.053125;18.236
66.5278;0.0547656;18.4534
67.7597;0.0564453;18.5829
69.0008;0.0581641;18.7206
70.2511;0.0599219;18.8579
71.5106;0.0617187;18.9948
72.7792;0.0635156;19.1314
74.0569;0.0653906;19.2675
75.3436;0.0672656;19.4033
76.6394;0.0692187;19.5387
77.9443;0.0711719;19.683
79.2581;0.0732031;19.8178
80.5809;0.0752344;19.9522
81.9126;0.0773047;20.0769
83.2533;0.0794141;20.2201
84.6029;0.0815625;20.3443
85.9584;0.08375;20.3239
87.3125;0.0859375;20.3124
88.6654;0.088125;20.3735
90.0266;0.0903906;20.4515
91.398;0.0926562;20.6802
92.7793;0.0949609;20.7529
94.17;0.0973047;20.8943
95.5698;0.0996484;21.0304
96.9785;0.10207;21.1618
98.3956;0.104531;21.3511
99.8211;0.107031;21.483
101.255;0.10957;21.5918
102.696;0.112187;21.7081
104.145;0.114805;21.8221
105.602;0.117461;21.9341
107.066;0.120156;22.0445
108.537;0.122891;22.1637
110.016;0.125625;22.261
111.502;0.128438;22.3675
112.995;0.13125;22.4731
114.494;0.134141;22.5778
116.001;0.137031;22.6818
117.515;0.14;22.7851
119.036;0.142969;22.8879
120.563;0.146016;22.9902
122.098;0.149062;23.092
123.639;0.152187;23.1933
125.187;0.155312;23.2943
126.741;0.158516;23.395
128.303;0.161719;23.5063
129.871;0.165039;23.5953
131.445;0.16832;23.6951
133.027;0.17168;23.8057
134.615;0.175039;23.905
136.209;0.178477;24.004
137.81;0.181914;24.0916
139.418;0.18543;24.1901
141.032;0.188945;24.2999
142.653;0.192539;24.3866
144.281;0.196133;24.4845
145.915;0.199805;24.5822
147.555;0.203477;24.6914
149.202;0.207227;24.7285
150.855;0.210977;24.8257
152.515;0.214805;24.983
154.182;0.218672;25.068
155.854;0.222617;25.1646
157.534;0.226563;25.261
159.219;0.230547;25.3573
160.911;0.23457;25.4053
162.61;0.238633;25.5492
164.315;0.242773;25.6571
166.026;0.246914;25.7405
167.743;0.251133;25.8358
169.467;0.255391;25.931
171.198;0.259687;26.0384
172.934;0.264023;26.0735
174.677;0.268398;26.1682
176.427;0.272852;26.31
178.182;0.277305;26.4043
179.944;0.281836;26.4514
181.712;0.286406;26.5924
183.486;0.291055;26.6862
185.267;0.295703;26.7331
187.054;0.300391;26.8861
188.847;0.305156;26.9666
190.646;0.309961;27.0726
192.452;0.314805;27.1527
194.264;0.319687;27.2454
196.081;0.324609;27.338
197.905;0.329609;27.4305
199.736;0.334648;27.5227
201.572;0.339727;27.6148
203.415;0.344883;27.7067
205.263;0.350039;27.7985
207.118;0.355273;27.8443
208.979;0.360547;27.9949
210.846;0.365898;28.0728
212.719;0.371289;28.1638
214.598;0.376719;28.2548
216.483;0.382187;28.3455
218.374;0.387734;28.4361
220.271;0.39332;28.5402
222.175;0.398945;28.6167
224.084;0.404648;28.7068
225.999;0.410391;28.7967
227.92;0.416172;28.8865
229.848;0.422031;28.9761
231.781;0.42793;29.0655
233.72;0.433867;29.1547
235.665;0.439883;29.2438
237.616;0.445937;29.2883
239.573;0.45207;29.4215
241.536;0.458242;29.51
243.505;0.464453;29.6128
245.479;0.470703;29.6867
247.46;0.477031;29.7748
249.446;0.483398;29.8773
251.439;0.489805;29.9505
253.437;0.496289;30.0381
254.438;0.499531;30.0965
255.441;0.502813;30.1255
256.445;0.506094;30.1255
257.451;0.509414;30.2128
258.458;0.512734;30.2564
259.466;0.516055;30.2564
260.476;0.519414;30.3582
261.488;0.522773;30.4017
262.501;0.526133;30.4451
263.515;0.529531;30.4737
264.531;0.53293;30.517
265.548;0.536328;30.5752
266.567;0.539766;30.6035
267.587;0.543203;30.6467
268.608;0.54668;30.6899
269.631;0.550156;30.748
270.656;0.553633;30.7761
271.681;0.557148;30.8193
272.709;0.560664;30.8208
273.736;0.56418;30.8193
274.762;0.567695;30.7875
275.789;0.57125;30.7707
276.814;0.574805;30.7539
277.839;0.578359;30.7892
278.866;0.581914;30.8263
279.893;0.585469;30.8641
280.922;0.589063;30.902
281.952;0.592656;30.9399
282.983;0.59625;30.9928
284.016;0.599844;31.0159
285.05;0.603477;31.054
286.085;0.607109;31.1072
287.121;0.610742;31.1303
288.159;0.614414;31.1684
289.198;0.618086;31.2066
290.238;0.621758;31.2448
291.28;0.625469;31.2982
292.323;0.62918;31.3212
293.367;0.632891;31.3594
294.412;0.636602;31.3594
295.459;0.640352;31.4359
296.506;0.644102;31.4741
297.556;0.647891;31.5123
298.606;0.65168;31.5505
299.658;0.655469;31.6041
300.711;0.659297;31.6268
301.765;0.663125;31.6268
302.82;0.666953;31.7031
303.877;0.67082;31.7568
304.935;0.674688;31.7794
305.994;0.678555;31.8175
307.055;0.6825;31.8711
308.117;0.686406;31.8936
309.18;0.690313;31.9316
310.244;0.694258;31.9696
311.31;0.698203;32.0076
312.377;0.702148;32.0455
313.445;0.706133;32.0834
314.514;0.710117;32.1213
315.585;0.714141;32.1592
316.657;0.718164;32.2128
317.73;0.722187;32.2348
318.805;0.72625;32.2348
319.88;0.730312;32.3103
320.957;0.734375;32.3481
322.036;0.738477;32.3481
323.115;0.742578;32.4394
324.196;0.74668;32.461
325.278;0.75082;32.4986
326.361;0.754961;32.5362
327.446;0.759141;32.5737
328.532;0.76332;32.6112
329.619;0.7675;32.6487
330.707;0.771719;32.6861
331.796;0.775937;32.7235
332.887;0.780156;32.7609
333.979;0.784414;32.7983
335.072;0.788672;32.8518
336.167;0.79293;32.8729
337.263;0.797227;32.9101
338.36;0.801562;32.9636
339.458;0.805898;33.0008
340.557;0.810234;32.9845
341.658;0.81457;33.0751
342.76;0.818945;33.0958
343.863;0.82332;33.1329
344.968;0.827695;33.1329
346.073;0.832109;33.2069
347.18;0.836523;33.2438
348.288;0.840977;33.2808
349.398;0.84543;33.3176
350.508;0.849883;33.3545
351.62;0.854375;33.3913
352.733;0.858867;33.4281
353.847;0.863359;33.4814
354.963;0.867891;33.5016
356.079;0.872422;33.5383
357.197;0.876992;33.5916
358.317;0.881562;33.6115
359.437;0.886133;33.6481
360.558;0.890742;33.6847
361.681;0.895352;33.7379
362.805;0.9;33.7577
363.931;0.904648;33.8109
365.057;0.909297;33.7941
366.185;0.913984;33.8669
367.314;0.918672;33.9201
368.444;0.923398;33.9565
369.575;0.928125;33.9759
370.707;0.932852;34.0121
371.841;0.937656;34.0483
372.976;0.942422;34.0845
374.112;0.947187;34.1377
375.249;0.951992;34.1568
376.388;0.956797;34.1929
377.528;0.961641;34.2289
378.669;0.966484;34.2649
379.811;0.971328;34.3009
380.954;0.976211;34.354
382.099;0.981094;34.3728
383.244;0.986016;34.4087
384.391;0.990937;34.4446
385.54;0.995859;34.4804
386.689;1.00082;34.5162
387.839;1.00578;34.5519
388.991;1.01078;34.6049
390.144;1.01578;34.6233
391.298;1.02078;34.659
392.453;1.02582;34.6946
393.61;1.03086;34.7476
394.768;1.03594;34.7658
395.926;1.04102;34.8013
397.086;1.04609;34.8367
398.247;1.05121;34.8897
399.41;1.05633;34.9253
400.573;1.06148;34.9423
401.738;1.06813;34.9746
402.903;1.0775;34.9746
404.07;1.09121;35.0271
405.237;1.11051;35.0271
406.404;1.13738;35.0432
407.572;1.17371;35.045
408.74;1.22008;35.0299
409.907;1.27832;35.0604
411.073;1.3493;34.9583
412.237;1.43363;34.9001
413.4;1.53336;34.8265
414.56;1.64789;34.7403
415.717;1.77867;34.6385
416.871;1.92641;34.5372
418.021;2.08957;34.4424
419.166;2.26937;34.4922
420.309;2.46402;34.3968
421.447;2.6752;34.1954
422.579;2.90316;34.1274
423.707;3.14746;34.0711
424.829;3.40812;34.0261
425.945;3.68562;33.9885
427.056;3.97957;33.9637
428.16;4.28852;33.9519
429.258;4.61449;33.9418
430.351;4.95543;33.9458
431.436;5.31187;33.9577
432.516;5.68352;33.9698
433.59;6.06992;33.9814
434.657;6.47098;34.0233
435.718;6.88703;34.0281
436.772;7.31715;34.0088
437.821;7.76074;34.0377
438.865;8.2159;34.0711
439.904;8.6827;34.1297
440.939;9.16059;34.1084
441.97;9.64887;34.1925
442.997;10.1474;34.2529
444.021;10.655;34.2375
445.041;11.1712;34.3164
446.058;11.6976;34.3471
447.072;12.2329;34.372
448.08;12.778;34.3891
449.083;13.3332;34.3967
450.081;13.8992;34.3983
451.072;14.4762;34.4354
452.057;15.0646;34.377
453.035;15.6635;34.377
454.006;16.2777;34.3159
454.97;16.9026;34.2931
455.924;17.5394;34.2778
456.872;18.1872;34.3341
457.811;18.8463;34.256
458.743;19.517;34.2528
459.666;20.1993;34.2547
460.581;20.8935;34.3119
461.487;21.6008;34.2706
462.384;22.3178;34.2921
463.271;23.0458;34.3159
464.15;23.7837;34.3676
465.021;24.5315;34.3569
465.884;25.2894;34.3706
466.737;26.0573;34.377
467.582;26.8354;34.3718
468.416;27.6265;34.3718
469.241;28.4259;34.3428
470.053;29.2353;34.387
470.856;30.0542;34.3279
471.65;30.8817;34.3343
472.437;31.7176;34.3434
473.216;32.5619;34.3564
473.985;33.4149;34.3732
474.746;34.2769;34.3868
475.497;35.1496;34.3949
476.238;36.0295;34.4022
476.966;36.9179;34.4012
477.685;37.8149;34.438
478.392;38.7202;34.4246
479.087;39.6341;34.3493
479.77;40.5563;34.3185
480.44;41.487;34.2803
481.097;42.4259;34.2333
481.741;43.3732;34.1681
482.369;44.3326;34.0991
482.983;45.2977;34.0313
483.578;46.2699;33.9507
484.158;47.2502;33.8613
484.724;48.2374;33.891
485.272;49.2318;33.6602
485.803;50.2329;33.55
486.317;51.2405;33.4121
486.809;52.2582;33.2831
487.284;53.2792;33.1716
487.737;54.3036;33.1716
488.172;55.3341;32.9158
488.59;56.3686;32.7858
488.988;57.4073;32.6544
489.366;58.4496;32.5105
489.722;59.4966;32.5407
490.058;60.5463;32.2321
490.372;61.5968;32.1067
490.664;62.6494;32.1344
490.937;63.7041;32.0032
491.189;64.7595;31.7247
491.421;65.8157;31.7542
491.633;66.872;31.6052
491.823;67.9283;31.3709
491.993;68.9847;31.2564
492.142;70.0401;31.1521
492.269;71.0937;31.049
492.377;72.1459;30.9509
492.464;73.1962;30.8574
492.53;74.2442;30.7712
492.577;75.2894;30.8111
492.605;76.3323;30.6414
492.613;77.3731;30.6007
492.604;78.4122;30.5727
492.576;79.4486;30.5591
492.529;80.4821;30.5571
492.466;81.5129;30.566
492.384;82.541;30.583
492.286;83.5666;30.6096
492.172;84.5895;30.6096
492.042;85.6104;30.6783
491.899;86.6283;30.7253
491.741;87.6446;30.7931
491.572;88.6604;30.8369
491.392;89.6749;30.905
491.206;90.6899;30.9738
491.015;91.7059;31.037
490.819;92.7223;31.0912
490.618;93.7392;31.0912
490.414;94.7576;31.1933
490.211;95.7769;31.2403
490.012;96.7991;31.301
489.817;97.8233;31.3334
489.629;98.8499;31.3569
489.449;99.8789;31.3332
489.28;100.91;31.3314
489.122;101.943;31.3194
488.976;102.978;31.2966
488.842;104.015;31.2627
488.722;105.052;31.2178
488.617;106.091;31.2528
488.527;107.13;31.0968
488.453;108.169;31.021
488.396;109.208;30.9389
488.355;110.246;30.9703
488.332;111.283;30.7505
488.326;112.318;30.6608
488.338;113.351;30.5811
488.367;114.382;30.634
488.412;115.412;30.5675
488.473;116.439;30.4123
488.552;117.463;30.3687
488.648;118.485;30.331
488.761;119.502;30.2926
488.893;120.516;30.2521
489.041;121.525;30.2127
489.207;122.528;30.2428
489.392;123.527;30.1335
489.592;124.521;30.1158
489.808;125.511;30.1181
490.04;126.496;30.1181
490.286;127.479;30.1403
490.546;128.456;30.1674
490.821;129.43;30.1975
491.11;130.4;30.2335
491.413;131.366;30.2975
491.729;132.33;30.3357
492.057;133.289;30.3805
492.396;134.245;30.4125
492.746;135.198;30.4627
493.103;136.15;30.5141
493.469;137.1;30.5611
493.843;138.048;30.6037
494.225;138.994;30.6551
494.612;139.941;30.7062
495.004;140.888;30.7551
495.402;141.836;30.8011
495.802;142.783;30.8493
496.206;143.728;30.8965
496.613;144.674;30.942
497.022;145.621;30.9878
497.434;146.568;30.9878
497.847;147.516;31.0944
498.262;148.465;31.1377
498.679;149.416;31.1636
499.098;150.369;31.2022
499.518;151.323;31.2437
499.938;152.275;31.3039
500.358;153.23;31.3229
500.78;154.185;31.3621
501.202;155.141;31.4005
501.625;156.098;31.4388
502.048;157.057;31.4767
502.472;158.016;31.5341
502.897;158.978;31.5503
503.323;159.942;31.5836
503.748;160.906;31.6184
504.175;161.869;31.6184
504.605;162.832;31.6774
505.04;163.794;31.7002
505.479;164.755;31.7155
505.926;165.713;31.7208
506.382;166.667;31.7556
506.847;167.617;31.7024
507.325;168.563;31.6861
507.812;169.503;31.6759
508.308;170.436;31.7326
508.813;171.366;31.6624
509.328;172.29;31.6595
509.852;173.209;31.6605
510.387;174.122;31.7137
510.932;175.029;31.6759
511.487;175.93;31.6899
512.054;176.827;31.704
512.629;177.717;31.7251
513.214;178.6;31.7489
513.806;179.479;31.7745
514.406;180.352;31.802
515.013;181.222;31.8582
515.627;182.088;31.831
516.246;182.951;31.918
516.871;183.811;31.9241
517.502;184.669;31.9805
518.137;185.525;31.9858
518.775;186.379;31.9858
519.416;187.232;32.0486
520.06;188.083;32.0798
520.706;188.934;32.1109
521.355;189.785;32.1418
522.005;190.636;32.1724
522.657;191.487;32.2032
523.311;192.338;32.2327
523.965;193.189;32.2616
524.622;194.04;32.2877
525.282;194.89;32.3444
525.943;195.74;32.3467
526.605;196.59;32.3758
527.268;197.44;32.4047
527.933;198.29;32.4606
528.6;199.141;32.4625
529.268;199.991;32.4912
529.938;200.841;32.5204
530.609;201.692;32.5757
531.281;202.542;32.5491
531.955;203.393;32.6053
532.631;204.243;32.6565
533.31;205.092;32.6779
533.992;205.938;32.668
534.681;206.781;32.668
535.375;207.62;32.6776
536.076;208.452;32.6708
536.785;209.278;32.6652
537.502;210.098;32.6609
538.225;210.912;32.6629
538.956;211.721;32.6631
539.693;212.525;32.6658
540.438;213.321;32.6744
541.191;214.11;32.6839
541.952;214.893;32.6965
542.719;215.668;32.7161
543.494;216.437;32.7363
544.277;217.2;32.759
545.065;217.956;32.7868
545.86;218.707;32.8149
546.661;219.453;32.8149
547.466;220.194;32.8723
548.278;220.929;32.896
549.096;221.659;32.9151
549.919;222.384;32.971
550.748;223.104;33.0024
551.58;223.822;33.0089
552.416;224.537;33.0438
553.256;225.248;33.0785
554.101;225.957;33.1124
554.948;226.663;33.149
555.799;227.366;33.1829
556.655;228.067;33.2124
557.514;228.764;33.239
558.378;229.456;33.2741
559.246;230.146;33.3085
560.117;230.835;33.3449
560.99;231.52;33.382
561.868;232.204;33.4148
562.749;232.885;33.4458
563.634;233.561;33.4727
564.525;234.232;33.493
565.42;234.898;33.5313
566.322;235.556;33.5108
567.23;236.206;33.5089
568.144;236.847;33.4991
569.065;237.478;33.5417
569.994;238.101;33.4822
570.928;238.715;33.5362
571.868;239.32;33.5376
572.815;239.916;33.4886
573.768;240.503;33.4986
574.727;241.08;33.5153
575.694;241.646;33.5251
576.665;242.204;33.5705
577.643;242.749;33.5801
578.629;243.284;33.546
579.619;243.807;33.5417
580.617;244.315;33.5712
581.621;244.813;33.5271
582.629;245.297;33.5429
583.645;245.766;33.5213
584.667;246.222;33.4611
585.692;246.665;33.4306
586.725;247.094;33.426
587.764;247.513;33.4288
588.806;247.918;33.4851
589.854;248.311;33.4402
590.908;248.691;33.5075
591.966;249.058;33.5024
593.028;249.413;33.5024
594.096;249.755;33.5686
595.167;250.087;33.6104
596.243;250.406;33.6533
597.324;250.716;33.6533
598.407;251.015;33.7495
599.495;251.306;33.7996
600.586;251.589;33.8512
601.68;251.864;33.9054
602.777;252.132;33.9054
603.878;252.395;34.0127
604.981;252.653;34.0682
606.087;252.906;34.1227
607.197;253.156;34.1227
608.307;253.403;34.2317
609.421;253.647;34.2833
610.537;253.888;34.2833
611.655;254.125;34.3313
612.776;254.357;34.4162
613.9;254.582;34.4571
615.026;254.8;34.4843
616.155;255.008;34.4855
617.286;255.206;34.501
618.42;255.394;34.5179
619.557;255.572;34.538
620.697;255.742;34.5579
621.839;255.902;34.5808
622.983;256.051;34.6055
624.13;256.19;34.6341
625.279;256.318;34.6666
626.43;256.435;34.7018
627.583;256.542;34.7542
628.737;256.638;34.7936
629.894;256.725;34.8264
631.053;256.802;34.8722
632.213;256.871;34.8722
633.375;256.931;34.9704
634.539;256.985;35.0248
635.705;257.031;35.073
636.872;257.072;35.1283
638.042;257.108;35.1855
639.213;257.142;35.2413
640.386;257.176;35.2978
641.561;257.207;35.3515
642.737;257.238;35.4046
643.916;257.268;35.4575
645.096;257.298;35.5098
646.277;257.33;35.5618
647.461;257.363;35.6137
648.646;257.398;35.6137
649.833;257.434;35.7172
651.021;257.473;35.769
652.211;257.513;35.8206
653.403;257.554;35.8737
654.596;257.598;35.9241
655.791;257.643;35.9772
656.988;257.689;36.0286
658.186;257.737;36.0272
659.386;257.786;36.1285
660.587;257.838;36.1752
661.79;257.893;36.2178
662.994;257.953;36.2549
664.199;258.019;36.2981
665.405;258.09;36.2981
666.612;258.164;36.3894
667.822;258.243;36.4344
669.032;258.327;36.486
670.243;258.416;36.5263
671.456;258.511;36.5737
672.67;258.611;36.6203
673.885;258.715;36.6691
675.1;258.825;36.7188
676.317;258.939;36.7685
677.535;259.058;36.8189
678.754;259.181;36.8707
679.975;259.307;36.9205
681.197;259.437;36.9718
682.421;259.57;37.023
683.645;259.706;37.0734
684.871;259.843;37.1227
686.098;259.984;37.1688
687.326;260.13;37.213
688.555;260.282;37.2598
689.785;260.437;37.3122
691.017;260.595;37.358
692.25;260.757;37.4094
693.484;260.922;37.4549
694.719;261.091;37.5048
695.955;261.263;37.555
697.192;261.439;37.6055
698.43;261.619;37.6533
699.67;261.804;37.6973
700.91;261.995;37.6973
702.15;262.193;37.7693
703.391;262.399;37.7693
704.63;262.612;37.8075
705.867;262.836;37.8113
707.104;263.071;37.8396
708.339;263.319;37.7776
709.57;263.582;37.8047
710.799;263.859;37.7637
712.023;264.153;37.6052
713.243;264.463;37.522
714.457;264.787;37.4412
715.664;265.127;37.3537
716.868;265.482;37.2697
718.066;265.853;37.3175
719.258;266.241;37.2393
720.443;266.646;37.1668
721.62;267.068;36.9996
722.792;267.506;36.9641
723.954;267.958;36.9456
725.107;268.427;36.9943
726.254;268.912;36.9223
727.392;269.414;36.9061
728.522;269.932;36.9126
729.643;270.467;36.9574
730.755;271.014;36.9526
731.861;271.579;36.9703
732.96;272.154;36.995
734.047;272.746;37.0048
735.128;273.353;37.0124
736.199;273.974;37.0108
737.261;274.61;37.0058
738.313;275.259;37.0132
739.356;275.918;37.0302
740.394;276.594;37.0496
741.428;277.28;37.0809
742.45;277.979;37.14
743.465;278.691;37.1181
744.472;279.414;37.1834
745.471;280.149;37.2233
746.462;280.892;37.2363
747.444;281.643;37.2447
748.425;282.415;37.245
749.398;283.194;37.2455
750.354;283.985;37.2455
751.302;284.788;37.2625
752.238;285.604;37.1835
753.164;286.429;37.1528
754.079;287.263;37.1209
754.984;288.105;37.052
755.884;288.974;36.9988
756.771;289.847;36.9472
757.633;290.733;36.9472
758.484;291.632;36.7956
759.319;292.541;36.7072
760.14;293.463;36.7331
760.944;294.392;36.642
761.734;295.33;36.3725
762.51;296.295;36.2446
763.272;297.261;36.2446
764.002;298.239;35.9876
764.716;299.228;35.8557
765.411;300.225;35.7127
766.088;301.232;35.7413
766.746;302.247;35.5699
767.385;303.268;35.4374
767.999;304.31;35.0178
768.596;305.355;34.8753
769.159;306.402;34.7168
769.703;307.459;34.5708
770.226;308.522;34.4235
770.726;309.591;34.2813
771.206;310.664;34.1431
771.664;311.743;34.1729
772.1;312.825;33.8131
772.507;313.918;33.6281
772.892;315.015;33.4999
773.248;316.108;33.389
773.581;317.204;33.2808
773.893;318.301;33.1774
774.184;319.4;33.078
774.455;320.501;32.9852
774.703;321.603;33.0124
774.93;322.705;32.9076
775.13;323.811;32.618
775.305;324.917;32.618
775.456;326.017;32.4008
775.581;327.113;32.2908
775.687;328.207;32.1796
775.772;329.298;32.1796
775.838;330.386;31.931
775.883;331.469;31.7894
775.909;332.549;31.6414
775.914;333.623;31.4827
775.898;334.693;31.2936
775.858;335.757;31.2936
775.8;336.813;30.9479
775.717;337.859;30.8946
775.616;338.899;30.5924
775.496;339.93;30.4061
775.357;340.954;30.2183
775.199;341.968;30.0268
775.022;342.973;29.9734
774.826;343.969;29.6482
774.612;344.955;29.4659
774.378;345.93;29.2763
773.854;347.85;28.9635
773.259;349.729;28.7354
772.596;351.569;28.6255
771.866;353.366;28.3331
771.07;355.117;28.1745
770.21;356.821;28.1143
769.29;358.478;27.9958
768.313;360.09;27.9463
767.28;361.66;27.9488
766.198;363.191;27.9875
765.075;364.688;28.0393
763.905;366.155;28.0801
762.695;367.585;28.1241
761.45;368.99;28.2099
760.181;370.376;28.2485
758.885;371.749;28.3894
757.559;373.108;28.4739
756.207;374.44;28.5265
754.824;375.745;28.5586
753.407;377.015;28.5663
751.952;378.247;28.5325
750.455;379.434;28.4991
748.927;380.573;28.4942
747.366;381.671;28.5058
745.77;382.72;28.508
744.134;383.711;28.4749
742.47;384.643;28.5339
740.782;385.525;28.5347
739.068;386.363;28.5996
737.328;387.152;28.5789
735.559;387.881;28.5252
733.775;388.551;28.4768
731.981;389.168;28.3481
730.174;389.739;28.3549
728.35;390.257;28.3531
726.51;390.722;28.3866
724.652;391.141;28.4786
722.787;391.514;28.5624
720.91;391.853;28.6532
719.022;392.162;28.7604
717.124;392.447;28.8507
715.213;392.711;28.9448
713.299;392.963;29.0454
711.378;393.219;29.1296
709.454;393.491;29.2345
707.524;393.772;29.2663
705.59;394.068;29.388
703.653;394.388;29.4613
701.723;394.743;29.468
699.798;395.143;29.5014
697.879;395.583;29.5126
695.971;396.067;29.4849
694.073;396.613;29.4389
692.199;397.213;29.4295
690.34;397.864;29.4467
688.498;398.564;29.4843
686.675;399.306;29.5524
684.854;400.097;29.64
683.058;400.93;29.7127
681.274;401.798;29.7899
679.503;402.696;29.8539
677.746;403.627;29.8875
676.869;404.114;29.9038
675.998;404.609;29.9285
674.275;405.622;29.9931
673.418;406.139;30.0473
672.566;406.663;30.0584
671.717;407.195;30.0912
670.872;407.735;30.1211
670.031;408.283;30.1416
669.193;408.845;30.1526
668.359;409.421;30.1522
667.533;410.005;30.1512
666.724;410.596;30.14
665.918;411.199;30.1222
665.122;411.812;30.1222
664.335;412.438;30.0618
663.559;413.074;30.0189
662.793;413.723;29.9654
662.039;414.384;29.8876
661.297;415.066;29.8092
660.568;415.756;29.7346
659.168;417.172;29.5709
657.823;418.631;29.3855
656.54;420.134;29.1865
655.323;421.677;29.1098
654.18;423.266;28.7575
653.109;424.89;28.6444
652.105;426.546;28.5678
651.169;428.233;28.5785
650.304;429.948;28.446
649.51;431.689;28.3797
648.788;433.452;28.3159
648.135;435.235;28.2558
647.552;437.038;28.2607
647.039;438.856;28.1316
646.597;440.688;28.0639
646.226;442.532;28.0751
645.923;444.385;27.9985
645.681;446.248;28.0276
645.503;448.119;28.0919
645.389;449.994;28.0826
645.33;451.875;28.1652
645.32;453.762;28.3028
645.362;455.651;28.3742
645.452;457.543;28.4194
645.577;459.439;28.587
645.734;461.341;28.7042
645.919;463.248;28.8221
646.125;465.159;28.9451
646.347;467.076;29.0588
646.582;469;29.1172
646.826;470.931;29.2888
647.076;472.868;29.404
647.331;474.811;29.5111
647.588;476.762;29.6203
647.847;478.72;29.7285
648.106;480.686;29.8339
648.362;482.66;29.9259
648.603;484.64;29.9984
648.817;486.626;30.0382
648.91;487.623;30.0576
648.993;488.621;30.0794
649.067;489.622;30.1052
649.133;490.624;30.1318
649.191;491.628;30.1609
649.238;492.635;30.1842
649.276;493.643;30.2067
649.303;494.65;30.2302
649.319;495.656;30.2454
649.324;496.665;30.2698
649.318;497.675;30.3051
649.303;498.686;30.3419
649.278;499.699;30.3812
649.244;500.712;30.4236
649.201;501.725;30.4681
649.149;502.741;30.4681
649.091;503.758;30.5594
649.026;504.773;30.6059
648.953;505.79;30.6471
648.871;506.808;30.6835
648.781;507.827;30.7142
648.68;508.845;30.7378
648.568;509.863;30.7696
648.448;510.882;30.8023
648.322;511.9;30.8449
648.19;512.919;30.8875
648.05;513.94;30.928
647.904;514.962;30.972
647.749;515.983;31.0177
647.586;517.005;31.0639
647.416;518.026;31.1118
647.24;519.048;31.1602
647.057;520.07;31.2076
646.871;521.091;31.2448
646.678;522.111;31.2847
646.476;523.137;31.3138
646.266;524.162;31.3512
646.045;525.183;31.3516
645.812;526.201;31.386
645.568;527.218;31.3606
645.311;528.232;31.3538
645.044;529.242;31.3498
644.767;530.25;31.3544
644.479;531.254;31.4105
644.181;532.26;31.4182
643.868;533.267;31.3686
643.544;534.268;31.4304
643.205;535.261;31.4525
642.856;536.252;31.4439
642.495;537.239;31.4932
642.126;538.222;31.5017
641.746;539.202;31.5328
641.357;540.177;31.5573
640.956;541.151;31.5685
640.538;542.125;31.5731
640.109;543.092;31.5714
639.667;544.049;31.5673
639.212;544.999;31.5567
638.745;545.943;31.5414
638.266;546.881;31.5211
637.775;547.812;31.4954
637.272;548.735;31.5268
636.756;549.652;31.3983
636.221;550.56;31.3983
635.671;551.459;31.2567
635.106;552.343;31.1857
634.526;553.214;31.1041
633.933;554.074;31.0283
633.326;554.923;30.9613
632.707;555.761;30.9088
632.075;556.589;30.8638
631.43;557.406;30.8277
630.773;558.211;30.8856
630.099;559.005;30.8425
629.413;559.786;30.7344
628.715;560.55;30.7775
628.004;561.299;30.7556
627.282;562.035;30.6653
626.549;562.758;30.6316
625.805;563.468;30.5973
625.051;564.163;30.5483
624.282;564.844;30.4874
623.499;565.508;30.4303
622.709;566.158;30.3847
621.91;566.787;30.3309
621.101;567.405;30.2775
620.284;568.007;30.2167
619.458;568.595;30.1548
618.623;569.168;30.1014
617.779;569.726;30.1531
616.928;570.269;30.1268
616.063;570.798;30.0855
615.193;571.313;30.0026
614.317;571.81;30.0628
613.434;572.292;30.069
612.544;572.762;30.038
611.648;573.219;30.0991
610.745;573.665;30.0903
609.837;574.098;30.1225
608.923;574.521;30.153
608;574.932;30.1731
607.073;575.332;30.1939
606.144;575.719;30.2092
605.21;576.094;30.217
604.271;576.458;30.2172
603.327;576.811;30.2263
602.38;577.154;30.2433
601.428;577.487;30.3101
600.472;577.814;30.2953
599.512;578.132;30.3221
598.546;578.441;30.3837
597.579;578.742;30.3798
596.61;579.033;30.4125
595.637;579.318;30.445
594.661;579.596;30.4751
593.682;579.867;30.5004
592.701;580.13;30.5521
591.716;580.386;30.5685
590.728;580.631;30.5573
589.736;580.869;30.5835
588.743;581.103;30.6118
587.749;581.329;30.6407
586.752;581.55;30.669
585.754;581.766;30.6992
584.753;581.976;30.7295
583.75;582.181;30.7892
582.745;582.382;30.7913
581.737;582.578;30.823
580.727;582.771;30.852
579.716;582.961;30.8829
578.705;583.147;30.9133
577.692;583.331;30.9435
576.678;583.513;30.9734
575.662;583.693;31.0036
574.646;583.871;31.0334
573.627;584.049;31.0911
572.608;584.226;31.0923
571.586;584.402;31.1194
570.563;584.578;31.176
569.541;584.752;31.1705
568.517;584.922;31.1905
567.492;585.088;31.2063
566.466;585.249;31.2289
565.438;585.405;31.2533
564.409;585.559;31.2767
563.378;585.711;31.3005
562.344;585.858;31.3558
561.31;586.001;31.3469
560.275;586.139;31.3714
559.239;586.274;31.3957
558.202;586.404;31.4212
557.163;586.532;31.4769
556.124;586.656;31.4725
555.083;586.777;31.4994
554.039;586.896;31.5211
552.996;587.013;31.5491
551.953;587.128;31.5748
550.907;587.242;31.6001
549.861;587.355;31.6262
548.813;587.466;31.6819
547.765;587.577;31.7076
546.716;587.687;31.7024
545.665;587.796;31.7287
544.613;587.904;31.7491
543.562;588.013;31.8076
542.511;588.12;31.8015
541.457;588.228;31.8552
540.403;588.335;31.8463
539.347;588.438;31.864
538.291;588.537;31.8767
537.233;588.631;31.8958
536.175;588.72;31.9179
535.114;588.807;31.9338
534.055;588.891;31.9916
532.995;588.97;32.0115
531.932;589.046;32.0315
530.869;589.117;32.0201
529.804;589.185;32.0424
528.739;589.247;32.065
527.672;589.307;32.0881
526.605;589.362;32.1125
525.536;589.415;32.1322
524.468;589.465;32.1899
523.399;589.512;32.1583
522.328;589.556;32.2298
521.257;589.596;32.2125
520.185;589.63;32.2218
519.112;589.657;32.2384
518.038;589.679;32.2581
516.964;589.697;32.2781
515.888;589.712;32.294
514.813;589.722;32.3164
513.738;589.727;32.3368
512.661;589.728;32.3368
511.583;589.724;32.38
510.505;589.716;32.4349
509.426;589.704;32.4249
508.346;589.688;32.4479
507.265;589.668;32.4691
506.184;589.644;32.4839
505.103;589.616;32.5095
504.022;589.585;32.5324
502.939;589.552;32.5875
501.856;589.517;32.6111
500.771;589.479;32.6018
499.686;589.439;32.6253
498.601;589.397;32.6487
497.515;589.353;32.6727
496.427;589.308;32.6933
495.34;589.261;32.7185
494.253;589.213;32.74
493.164;589.162;32.7586
492.074;589.108;32.7743
490.984;589.049;32.7954
489.894;588.987;32.8174
488.803;588.924;32.8738
487.711;588.858;32.8568
486.62;588.789;32.8811
485.529;588.717;32.9029
484.435;588.643;32.9245
483.342;588.566;32.9474
482.247;588.486;33.0021
481.152;588.403;32.9921
480.057;588.318;32.9921
478.961;588.23;33.0307
477.864;588.137;33.0486
476.769;588.043;33.0734
475.673;587.946;33.0955
474.575;587.848;33.1173
473.477;587.747;33.1402
472.378;587.644;33.1621
471.279;587.539;33.1848
470.179;587.432;33.2075
469.079;587.323;33.2309
467.977;587.213;33.2497
466.877;587.101;33.2749
465.776;586.988;33.2975
464.673;586.874;33.352
463.569;586.759;33.3414
462.465;586.642;33.3596
461.361;586.522;33.3747
460.257;586.397;33.3959
459.152;586.269;33.4179
458.046;586.139;33.4349
456.942;586.008;33.4923
455.837;585.873;33.4798
454.73;585.736;33.5007
453.623;585.595;33.52
452.516;585.451;33.5352
451.41;585.301;33.5465
450.304;585.144;33.5517
449.199;584.98;33.5489
448.095;584.807;33.5359
446.993;584.624;33.5154
445.893;584.43;33.4853
444.797;584.224;33.4853
443.703;584.005;33.4029
442.613;583.774;33.4513
441.525;583.531;33.3311
440.44;583.278;33.301
439.358;583.011;33.2751
438.281;582.732;33.2546
437.207;582.441;33.2546
436.137;582.136;33.2308
435.073;581.818;33.228
434.012;581.488;33.229
432.955;581.147;33.2364
431.903;580.793;33.2467
430.854;580.429;33.2613
429.809;580.054;33.2787
428.767;579.67;33.3306
427.729;579.275;33.3051
426.695;578.87;33.3273
425.664;578.457;33.3842
424.635;578.037;33.376
423.609;577.609;33.376
422.583;577.176;33.4286
421.56;576.737;33.4563
420.538;576.293;33.5113
419.518;575.842;33.5013
418.5;575.386;33.5183
417.485;574.924;33.5292
416.472;574.453;33.5318
415.461;573.971;33.5228
414.456;573.482;33.509
413.458;572.982;33.5451
412.466;572.472;33.4855
411.479;571.952;33.4429
410.498;571.423;33.4293
409.521;570.884;33.4145
408.548;570.335;33.401
407.578;569.772;33.4473
406.616;569.2;33.3686
405.667;568.617;33.3502
404.727;568.022;33.3261
403.795;567.417;33.297
402.871;566.801;33.297
401.956;566.173;33.2585
401.049;565.533;33.154
400.149;564.875;33.1038
399.26;564.211;33.0856
398.386;563.537;33.1426
397.518;562.855;33.0452
396.66;562.162;33.0969
395.808;561.462;33.0869
394.965;560.751;33.0202
394.127;560.031;33.0109
393.298;559.295;32.9941
392.478;558.552;32.9845
391.676;557.802;32.9699
390.882;557.045;32.9665
390.097;556.281;32.9731
389.315;555.509;32.9801
388.54;554.73;33.0389
387.771;553.943;33.0502
387.006;553.144;33.003
386.249;552.342;33.0111
385.506;551.538;33.0144
384.768;550.728;33.012
384.038;549.91;33.0011
383.313;549.085;32.9807
382.597;548.252;32.9556
381.891;547.413;32.9173
381.196;546.56;32.8711
380.514;545.702;32.8267
379.844;544.841;32.8643
379.187;543.971;32.7146
378.539;543.092;32.64
377.903;542.206;32.5567
377.281;541.313;32.4676
376.674;540.412;32.3729
376.082;539.505;32.2558
375.509;538.587;32.1299
374.949;537.664;32.0075
374.411;536.734;31.8736
373.889;535.796;31.7417
373.386;534.853;31.6034
372.9;533.904;31.6347
372.433;532.951;31.3457
371.984;531.994;31.2083
371.55;531.032;31.2346
371.139;530.063;30.8769
370.746;529.09;30.7259
370.376;528.116;30.5735
370.026;527.138;30.4232
369.696;526.158;30.2957
369.383;525.178;30.1677
369.09;524.196;30.0355
368.816;523.212;29.9001
368.562;522.226;29.9306
368.328;521.239;29.7654
368.117;520.252;29.498
367.925;519.266;29.3819
367.607;517.298;29.1734
367.367;515.336;28.9699
367.206;513.38;28.7759
367.125;511.434;28.5985
367.124;509.502;28.4413
367.199;507.586;28.3037
367.35;505.686;28.1743
367.573;503.804;28.146
367.867;501.942;27.9349
368.232;500.103;27.8261
368.667;498.288;27.736
369.168;496.498;27.7064
369.728;494.727;27.7231
370.343;492.975;27.7671
371.009;491.242;27.8363
371.722;489.525;27.9168
372.473;487.821;28.0065
373.254;486.125;28.0963
374.057;484.434;28.1845
374.876;482.744;28.2719
375.707;481.053;28.3533
376.543;479.36;28.4342
377.385;477.663;28.5105
378.23;475.961;28.5846
379.077;474.256;28.6575
379.926;472.546;28.754
380.777;470.832;28.7968
381.63;469.114;28.8649
382.485;467.391;28.8987
383.341;465.664;29.0006
384.199;463.932;29.0654
385.059;462.197;29.1332
385.922;460.458;29.199
386.788;458.715;29.264
387.656;456.97;29.3326
388.528;455.22;29.3653
389.402;453.467;29.4885
390.285;451.713;29.5246
391.185;449.963;29.5629
392.111;448.226;29.583
393.067;446.501;29.6186
394.048;444.785;29.6571
395.058;443.083;29.7092
396.097;441.396;29.7538
397.168;439.724;29.8185
398.262;438.064;29.9094
399.38;436.412;29.964
400.517;434.771;30.0337
401.095;433.953;30.0741
401.679;433.134;30.1089
402.266;432.317;30.1492
402.855;431.504;30.1884
403.448;430.69;30.2264
404.044;429.878;30.2654
404.643;429.066;30.3217
405.245;428.255;30.3427
405.849;427.443;30.3427
406.455;426.632;30.4361
407.064;425.82;30.4519
407.678;425.002;30.4771
408.292;424.187;30.4771
408.903;423.376;30.5477
409.517;422.563;30.5774
410.132;421.752;30.6301
410.75;420.942;30.6552
411.373;420.134;30.6521
412.001;419.328;30.6658
412.634;418.527;30.6687
413.276;417.731;30.6607
413.932;416.938;30.6436
414.592;416.153;30.62
415.26;415.381;30.62
415.938;414.619;30.5427
416.625;413.867;30.4991
417.321;413.124;30.4601
418.026;412.39;30.4279
418.74;411.663;30.3998
419.463;410.947;30.3772
420.195;410.241;30.3568
420.943;409.544;30.3366
421.697;408.858;30.3366
422.459;408.188;30.3231
423.23;407.532;30.3286
424.008;406.884;30.3375
424.793;406.244;30.3901
425.586;405.615;30.3619
426.385;404.993;30.3811
427.191;404.379;30.4391
428.003;403.772;30.427
428.824;403.171;30.4834
429.649;402.576;30.4706
430.477;401.988;30.5316
431.308;401.407;30.521
432.143;400.828;30.5455
432.981;400.253;30.606
433.822;399.681;30.5956
434.665;399.111;30.6205
435.51;398.542;30.645
436.358;397.975;30.7046
437.209;397.407;30.6898
438.061;396.841;30.7115
438.913;396.275;30.7722
439.764;395.712;30.7546
440.617;395.148;30.7736
441.471;394.584;30.8326
442.325;394.019;30.8135
443.18;393.455;30.8716
444.035;392.89;30.8524
444.891;392.326;30.8715
445.749;391.76;30.9288
446.609;391.193;30.9047
447.467;390.626;30.9216
448.325;390.061;30.9382
449.183;389.495;30.954
450.042;388.928;30.9685
450.899;388.36;30.9685
451.756;387.79;30.9888
452.611;387.216;30.9923
453.462;386.637;30.9886
454.31;386.052;30.974
455.151;385.457;31.0091
455.987;384.854;30.951
456.816;384.243;30.982
457.638;383.625;30.9684
458.454;383.001;30.8835
459.264;382.37;30.8726
460.069;381.731;30.8648
460.866;381.084;30.8648
461.657;380.429;30.8425
462.439;379.765;30.8243
463.213;379.093;30.798
463.977;378.407;30.843
464.736;377.716;30.772
465.483;377.02;30.7687
466.227;376.317;30.7666
466.962;375.607;30.7693
467.691;374.89;30.7694
468.413;374.166;30.7651
469.127;373.435;30.7578
469.833;372.697;30.743
470.532;371.951;30.7181
471.221;371.194;30.685
471.901;370.432;30.6493
472.567;369.663;30.6079
473.221;368.885;30.5594
473.865;368.1;30.5033
474.496;367.306;30.4523
475.115;366.505;30.4081
475.723;365.697;30.3762
476.321;364.881;30.434
476.908;364.058;30.3163
477.483;363.224;30.3718
478.047;362.384;30.2688
478.598;361.538;30.2469
479.133;360.686;30.2183
479.656;359.827;30.1839
480.165;358.962;30.1435
480.659;358.09;30.0946
481.139;357.212;30.0551
482.059;355.439;30.0052
482.935;353.639;29.9757
483.759;351.827;30.0206
484.54;349.999;29.925
485.281;348.156;29.8645
485.972;346.299;29.8738
486.612;344.421;29.7519
487.207;342.539;29.7286
487.757;340.649;29.677
488.261;338.744;29.6403
488.715;336.831;29.5875
489.111;334.909;29.3835
489.444;332.984;29.2636
489.719;331.061;29.1207
489.937;329.132;28.9552
490.094;327.204;28.8029
490.191;325.279;28.7077
490.226;323.358;28.7035
490.201;321.443;28.5655
490.111;319.536;28.4013
489.958;317.644;28.2901
489.74;315.763;28.2628
489.46;313.899;28.0576
489.115;312.052;27.9335
488.708;310.227;27.8103
488.235;308.424;27.6777
487.7;306.647;27.559
487.099;304.899;27.5278
486.436;303.182;27.3134
485.709;301.5;27.2355
484.925;299.846;27.2244
484.085;298.223;27.2265
483.191;296.633;27.2259
482.242;295.078;27.2234
481.246;293.555;27.2783
480.207;292.055;27.3422
479.129;290.582;27.3984
478.01;289.136;27.4504
476.857;287.712;27.5639
475.677;286.304;27.6279
474.472;284.909;27.7177
473.243;283.529;27.8064
471.994;282.157;27.8989
470.731;280.792;27.9477
469.455;279.43;28.0778
468.166;278.076;28.1717
466.856;276.729;28.2118
465.521;275.404;28.2401
464.157;274.107;28.3157
462.766;272.83;28.3305
461.35;271.577;28.3826
459.907;270.35;28.4268
458.435;269.154;28.4925
456.938;267.981;28.5669
455.412;266.835;28.6236
453.86;265.723;28.6573
452.284;264.644;28.6656
450.682;263.603;28.7052
449.049;262.608;28.6286
447.382;261.669;28.5543
445.686;260.79;28.5448
443.967;259.968;28.4246
442.227;259.196;28.3937
440.464;258.479;28.3374
438.673;257.837;28.2417
436.862;257.271;28.1536
435.04;256.78;28.0635
433.211;256.354;27.9821
431.371;255.995;27.871
429.518;255.713;27.8225
427.66;255.519;27.6713
425.81;255.411;27.4447
423.967;255.374;27.3337
422.13;255.408;27.3591
420.291;255.51;27.2451
418.457;255.696;27.2349
416.647;255.96;27.2707
414.853;256.289;27.2538
413.076;256.68;27.21
411.314;257.133;27.174
409.567;257.669;27.1281
407.855;258.275;27.0894
406.171;258.944;27.0523
404.514;259.669;27.0707
402.875;260.447;27.1181
401.257;261.29;27.2061
399.669;262.187;27.2939
398.108;263.128;27.3852
396.565;264.105;27.5079
395.031;265.114;27.6351
393.505;266.153;27.6982
391.978;267.218;27.8123
390.469;268.301;27.9663
388.973;269.411;27.9955
387.497;270.556;28.0679
386.048;271.741;28.0723
384.63;272.977;28.1251
383.25;274.249;28.0956
381.9;275.555;28.173
380.579;276.898;28.2647
379.289;278.276;28.3328
378.025;279.69;28.3814
376.786;281.129;28.4764
375.565;282.59;28.639
374.356;284.07;28.7432
373.155;285.564;28.8396
371.956;287.071;28.9399
370.761;288.586;29.0423
369.563;290.109;29.1418
368.365;291.64;29.2433
367.174;293.184;29.3171
365.999;294.747;29.3706
364.854;296.339;29.3854
363.749;297.958;29.3885
362.683;299.606;29.4475
361.654;301.278;29.426
360.663;302.977;29.4682
359.711;304.707;29.5247
358.802;306.46;29.6087
357.925;308.234;29.7199
357.07;310.022;29.8262
356.234;311.826;29.9336
355.406;313.644;30.038
354.993;314.56;30.038
354.578;315.475;30.1334
354.163;316.388;30.1847
353.743;317.303;30.2224
353.32;318.217;30.2627
352.898;319.131;30.3112
352.473;320.046;30.3563
352.046;320.961;30.4052
351.616;321.878;30.4531
351.181;322.795;30.501
350.741;323.714;30.5472
350.297;324.633;30.6015
349.85;325.552;30.6393
349.402;326.468;30.6835
348.949;327.386;30.7213
348.494;328.301;30.7669
348.037;329.218;30.8207
347.578;330.134;30.8615
347.117;331.052;30.9092
346.653;331.971;30.9577
346.185;332.891;31.0119
345.713;333.814;31.0464
345.238;334.736;31.0877
344.759;335.656;31.1247
344.276;336.573;31.1671
343.788;337.488;31.1939
343.297;338.403;31.2353
342.803;339.317;31.28
342.306;340.232;31.3229
341.803;341.147;31.3671
341.294;342.06;31.4206
340.779;342.975;31.4505
340.257;343.889;31.4826
339.73;344.798;31.527
339.2;345.705;31.5641
338.668;346.611;31.6076
338.132;347.515;31.6618
337.593;348.42;31.6981
337.05;349.325;31.6981
336.501;350.23;31.7896
335.946;351.132;31.8149
335.384;352.031;31.8435
334.811;352.931;31.8621
334.232;353.824;31.8752
333.648;354.71;31.9206
333.056;355.592;31.916
332.458;356.47;31.944
331.854;357.348;31.9696
331.242;358.222;32.0231
330.621;359.09;32.0293
329.991;359.954;32.0293
329.352;360.812;32.0806
328.701;361.667;32.0947
328.042;362.515;32.1339
327.377;363.354;32.1451
326.703;364.184;32.1652
326.02;365.01;32.1878
325.329;365.831;32.1849
324.63;366.646;32.2403
323.922;367.456;32.2469
323.206;368.26;32.2769
322.482;369.058;32.3019
321.748;369.85;32.3202
321.004;370.634;32.3456
320.254;371.412;32.381
319.499;372.183;32.416
318.736;372.95;32.4519
317.967;373.712;32.4902
317.191;374.469;32.5295
316.41;375.222;32.5657
315.623;375.97;32.5985
314.83;376.712;32.6444
314.027;377.451;32.6264
313.216;378.183;32.6809
312.4;378.906;32.6568
311.576;379.617;32.6527
310.744;380.319;32.6965
309.904;381.013;32.7037
309.057;381.699;32.6642
308.203;382.378;32.6755
307.343;383.05;32.6905
306.476;383.713;32.7085
305.599;384.368;32.7248
304.715;385.015;32.7445
303.825;385.65;32.7625
302.929;386.275;32.7771
302.026;386.89;32.8159
301.116;387.498;32.8191
300.2;388.094;32.7965
299.276;388.681;32.813
298.347;389.26;32.8394
297.413;389.832;32.8677
296.472;390.396;32.8972
295.525;390.952;32.9527
294.573;391.5;32.9694
293.615;392.041;33.0032
292.652;392.573;33.0341
291.684;393.097;33.0613
290.709;393.612;33.1026
289.728;394.118;33.0936
288.744;394.614;33.1433
287.753;395.101;33.173
286.757;395.582;33.2044
285.757;396.055;33.2194
284.752;396.522;33.2752
283.742;396.981;33.2972
282.728;397.433;33.3356
281.709;397.876;33.3691
280.685;398.312;33.3691
279.657;398.738;33.437
278.624;399.157;33.4791
277.587;399.571;33.5221
276.547;399.978;33.5675
275.503;400.38;33.6233
274.454;400.776;33.6595
273.403;401.167;33.7039
272.348;401.551;33.7437
271.289;401.929;33.7896
270.226;402.299;33.834
269.16;402.665;33.823
268.091;403.026;33.9151
267.019;403.383;33.9625
265.944;403.736;33.9625
264.865;404.084;34.0648
263.784;404.429;34.1066
262.701;404.769;34.1555
261.614;405.107;34.21
260.525;405.441;34.2538
259.433;405.772;34.3031
258.339;406.102;34.3523
257.242;406.429;34.4072
256.144;406.755;34.4515
255.043;407.079;34.5056
253.94;407.403;34.5551
252.836;407.725;34.6042
251.729;408.047;34.6482
250.621;408.368;34.6974
249.511;408.689;34.7512
248.399;409.01;34.7463
247.285;409.33;34.8487
246.17;409.651;34.8924
245.053;409.971;34.9407
243.934;410.292;34.9895
242.814;410.613;35.0427
241.692;410.935;35.0857
240.569;411.256;35.1347
239.444;411.578;35.1825
238.317;411.9;35.2305
237.189;412.223;35.2789
236.06;412.546;35.3314
234.928;412.869;35.3267
233.796;413.193;35.4273
232.661;413.517;35.4698
231.525;413.841;35.5185
230.387;414.162;35.556
229.246;414.479;35.6024
228.103;414.794;35.6487
226.958;415.109;35.6487
225.811;415.421;35.747
224.662;415.732;35.7871
223.51;416.039;35.8391
222.357;416.344;35.8801
221.2;416.647;35.9269
220.042;416.947;35.9791
218.882;417.245;36.0213
217.719;417.541;36.069
216.555;417.835;36.1209
215.388;418.127;36.164
214.219;418.418;36.2162
213.049;418.708;36.2598
211.876;418.996;36.2598
210.702;419.284;36.3554
209.526;419.571;36.403
208.348;419.857;36.4505
207.168;420.143;36.497
205.986;420.427;36.5449
204.802;420.708;36.5854
203.616;420.984;36.6266
202.428;421.259;36.6725
201.238;421.532;36.7245
200.045;421.803;36.7641
198.85;422.072;36.8094
197.654;422.337;36.8558
196.455;422.599;36.9071
195.254;422.859;36.9485
194.05;423.116;37
192.845;423.37;37.0425
191.637;423.622;37.0937
190.428;423.872;37.1371
189.216;424.12;37.1843
188.003;424.366;37.2318
186.787;424.611;37.2795
185.57;424.854;37.3268
184.351;425.097;37.3746
183.13;425.338;37.4221
181.908;425.579;37.4734
180.684;425.819;37.5212
179.458;426.059;37.5645
178.23;426.298;37.6118
177.001;426.537;37.658
175.769;426.774;37.7056
174.536;427.009;37.7414
173.301;427.239;37.787
172.063;427.467;37.8386
170.824;427.694;37.8776
169.583;427.918;37.9287
168.34;428.139;37.9675
167.095;428.358;38.0131
165.847;428.573;38.0586
164.598;428.786;38.1096
163.346;428.995;38.1557
162.093;429.202;38.1971
160.837;429.406;38.244
159.58;429.608;38.2907
158.321;429.807;38.3375
157.06;430.005;38.3846
155.797;430.201;38.4314
154.532;430.396;38.4785
153.266;430.589;38.5298
151.997;430.781;38.5723
150.728;430.972;38.5723
149.456;431.161;38.6649
148.182;431.347;38.7041
146.906;431.528;38.7316
145.629;431.702;38.7316
144.349;431.872;38.7698
143.067;432.038;38.85
141.784;432.201;38.8895
140.498;432.358;38.8895
139.21;432.51;38.9705
137.92;432.656;39.0207
136.629;432.797;39.0625
135.335;432.932;39.0982
134.039;433.063;39.0982
132.742;433.188;39.1871
131.442;433.309;39.2325
130.141;433.425;39.2783
128.838;433.538;39.3244
127.533;433.647;39.3708
126.226;433.753;39.4175
124.918;433.855;39.4641
123.608;433.956;39.5111
122.296;434.054;39.5622
120.982;434.149;39.6049
119.667;434.244;39.6518
118.35;434.336;39.7029
117.032;434.428;39.7455
115.712;434.518;39.7922
114.39;434.607;39.8433
113.067;434.696;39.89
111.742;434.784;39.8855
110.415;434.872;39.9786
109.087;434.959;40.0249
107.757;435.046;40.0712
106.426;435.133;40.1176
105.093;435.219;40.1637
103.759;435.306;40.2145
102.423;435.392;40.2558
101.086;435.479;40.3018
99.747;435.565;40.3478
98.4065;435.652;40.3983
97.0646;435.738;40.4394
95.7211;435.825;40.4852
94.376;435.912;40.5298
93.0294;435.997;40.5768
91.6812;436.08;40.6102
90.3316;436.158;40.6538
88.9803;436.234;40.7046
87.6273;436.309;40.7397
86.2728;436.381;40.7823
84.9166;436.45;40.7823
83.5588;436.515;40.8678
82.1994;436.577;40.9177
80.8385;436.636;40.9609
79.476;436.691;40.9982
78.1118;436.743;41.0422
76.7462;436.792;41.0923
75.379;436.837;41.1281
74.0103;436.879;41.1659
72.6402;436.915;41.2077
71.2689;436.946;41.2247
69.8963;436.968;41.2407
68.5231;436.981;41.2687
67.1495;436.983;41.2334
65.7755;436.974;41.2206
64.4012;436.953;41.2646
63.0265;436.92;41.2555
61.6514;436.877;41.1829
60.2763;436.822;41.173
58.9015;436.754;41.173
57.5274;436.673;41.1648
56.1538;436.579;41.1673
54.7812;436.471;41.2143
53.4095;436.349;41.1869
52.0388;436.215;41.1869
50.6693;436.067;41.2256
49.3006;435.907;41.2519
47.9338;435.734;41.2818
46.5673;435.55;41.3306
45.2022;435.354;41.3514
43.8379;435.146;41.3902
42.4743;434.929;41.4312
41.1114;434.701;41.4686
39.7494;434.463;41.5006
38.3886;434.215;41.5266
37.0294;433.956;41.5615
35.6704;433.689;41.6007
34.3117;433.414;41.6412
32.9532;433.131;41.6412
31.5948;432.841;41.7254
30.2367;432.544;41.7691
28.8788;432.24;41.8136
27.521;431.929;41.8588
26.1631;431.613;41.9043
24.8051;431.291;41.9503
23.4468;430.964;41.9966
22.0882;430.632;42.043
20.729;430.296;42.0894
19.3692;429.956;42.1423
18.0085;429.613;42.1793
16.6478;429.265;42.227
15.2869;428.913;42.2631
13.9267;428.553;42.2535
12.5675;428.187;42.3146
11.2085;427.814;42.3514
9.849;427.437;42.3866
8.48917;427.055;42.4219
7.13069;426.666;42.458
5.77231;426.27;42.4946
4.4148;425.868;42.5319
3.05821;425.461;42.5824
1.70253;425.047;42.571
0.345272;424.626;42.6501
-1.01089;424.2;42.6912
-2.36528;423.767;42.6912
-3.71994;423.329;42.7743
-5.07385;422.887;42.8166
-6.42733;422.44;42.8558
-7.78064;421.988;42.8909
-9.13568;421.528;42.9319
-10.488;421.061;42.9528
-11.8385;420.589;42.9899
-13.189;420.112;43.0263
-14.5389;419.63;43.0633
-15.8883;419.142;43.0993
-17.2363;418.65;43.1503
-18.5888;418.15;43.1811
-19.9371;417.647;43.1982
-21.2821;417.135;43.2216
-22.6256;416.617;43.2376
-23.9659;416.09;43.2435
-25.3031;415.554;43.2674
-26.6416;415.002;43.2049
-27.9715;414.443;43.1704
-29.2924;413.869;43.1157
-30.6086;413.283;43.0455
-31.9173;412.685;42.9598
-33.2187;412.074;42.8556
-34.5119;411.449;42.6941
-35.7994;410.801;42.5219
-37.0736;410.137;42.3669
-38.3276;409.457;42.1726
-39.5729;408.761;42.1942
-40.8047;408.051;41.762
-42.0242;407.325;41.4583
-43.2293;406.574;41.137
-44.4184;405.807;40.8897
-45.5785;405.028;40.5894
-46.728;404.232;40.5894
-47.8586;403.423;40.3096
-48.9729;402.599;39.7203
-50.0691;401.763;39.3063
-51.1433;400.902;38.7903
-52.1913;400.019;38.4329
-53.2048;399.133;38.0649
-54.1996;398.232;37.6849
-55.1736;397.322;37.3015
-56.1265;396.402;36.9508
-57.0592;395.475;36.4031
-57.9641;394.526;35.8522
-58.844;393.568;35.4456
-59.6841;392.607;35.0632
-60.4981;391.641;35.0424
-61.2884;390.67;34.3165
-62.0549;389.695;33.9534
-62.7979;388.718;33.6172
-63.5194;387.738;33.5487
-64.2079;386.748;32.5653
-64.8651;385.752;32.1085
-65.4867;384.757;31.7688
-66.0751;383.763;31.4477
-66.6392;382.771;31.142
-67.1796;381.779;30.853
-67.6969;380.786;30.8273
-68.1898;379.792;30.2967
-68.6583;378.801;29.9719
-69.0999;377.811;29.9719
-69.5134;376.822;29.5626
-69.9011;375.839;29.0938
-70.2607;374.863;28.865
-70.5926;373.892;28.5905
-70.8968;372.925;28.3378
-71.1773;371.963;28.3378
-71.6694;370.052;27.6172
-72.0706;368.161;27.114
-72.3828;366.248;26.6896
-72.5969;364.388;26.3802
-72.7269;362.556;26.0938
-72.788;360.749;25.5478
-72.8083;358.983;25.3426
-72.7491;357.235;25.308
-72.6227;355.505;25.0922
-72.443;353.787;24.9816
-72.2091;352.096;24.9402
-71.9217;350.431;24.924
-71.5889;348.784;24.9193
-71.2218;347.148;24.9826
-70.8355;345.518;25.003
-70.4483;343.89;24.8574
-70.0796;342.265;24.7271
-69.7464;340.64;24.5086
-69.4598;339.012;24.3809
-69.229;337.389;24.1429
-69.0582;335.773;23.7137
-68.9437;334.17;23.4065
-68.8826;332.587;23.2374
-68.8671;331.03;22.7187
-68.8768;329.498;22.3794
-68.9387;327.989;22.1379
-69.0617;326.512;21.7764
-69.2467;325.059;21.5285
-69.9691;324.344;-0.0492651
-70.5947;325.169;-2.44938
-70.6855;326.245;-3.37153
-70.5202;327.303;-3.54755
-70.2212;328.33;-3.52235
-70.0524;329.356;-3.10725
-70.0159;330.363;-1.20658
-70.1401;329.304;2.92481
-70.3656;328.29;3.57959
-70.7168;327.293;4.41528
-71.1927;326.297;5.201
-71.666;325.312;6.05611
-72.196;324.278;5.86047
-72.771;323.455;6.30867
-73.4795;322.614;6.88194
-74.2374;321.693;7.45579
-74.8934;320.913;7.83977
-75.6432;320.158;8.2221
-76.4525;319.386;8.40444
-77.2615;318.6;8.37973
-78.0659;317.822;8.4298
-78.8791;317.048;8.37465
-79.7352;316.333;8.36153
-80.6166;315.643;8.44436
-81.5026;314.939;8.56784
-82.4059;314.221;8.7862
-83.355;313.507;8.89712
-84.3087;312.789;8.88306
-85.2772;312.06;9.41799
-86.3026;311.288;9.81067
-87.1074;310.683;10.3151
-87.9418;310.056;10.6819
-88.8052;309.407;10.9207
-89.6967;308.736;11.3865
-90.6158;308.045;11.7258
-91.5619;307.333;12.0563
-92.5295;306.605;12.1647
-93.4993;305.875;12.076
-94.4738;305.142;12.4321
-95.4766;304.387;12.7667
-96.5056;303.613;13.0953
-97.5598;302.82;13.3948
-98.6469;302.021;13.6671
-99.7803;301.242;13.9352
-100.946;300.462;14.2108
-102.14;299.674;14.4838
-103.359;298.879;14.7344
-104.601;298.071;14.9857
-105.441;297.525;15.1573
-106.291;296.974;15.3103
-107.149;296.416;15.3898
-108.017;295.853;15.625
-108.893;295.284;15.779
-109.778;294.712;15.9248
-110.678;294.144;16.0552
-111.595;293.587;16.2126
-112.521;293.028;16.3514
-113.459;292.468;16.4988
-114.409;291.907;16.6451
-115.368;291.344;16.7994
-116.336;290.778;16.9343
-117.314;290.207;17.0867
-118.299;289.632;17.2192
-119.293;289.053;17.3681
-120.292;288.464;17.4858
-121.288;287.855;17.6124
-122.286;287.232;17.7499
-123.289;286.6;17.8883
-124.297;285.956;18.0347
-125.312;285.309;18.152
-126.342;284.671;18.2613
-127.39;284.048;18.3928
-128.452;283.429;18.5381
-129.526;282.814;18.6605
-130.613;282.205;18.7956
-131.712;281.598;18.9306
-132.822;280.991;19.064
-133.94;280.382;19.2098
-135.067;279.771;19.3438
-136.202;279.157;19.4656
-137.346;278.538;19.598
-138.497;277.916;19.7299
-139.656;277.289;19.8729
-140.823;276.658;19.9915
-141.997;276.023;20.1226
-143.179;275.384;20.2531
-144.366;274.742;20.2287
-145.551;274.101;20.2039
-146.735;273.461;20.2706
-147.926;272.817;20.3469
-149.126;272.167;20.5709
-150.334;271.514;20.712
-151.551;270.856;20.8473
-152.775;270.193;20.9898
-154.007;269.527;21.1161
-155.246;268.856;21.2386
-156.492;268.182;21.3459
-157.745;267.504;21.4621
-159.005;266.822;21.5758
-160.271;266.137;21.699
-161.544;265.448;21.7971
-162.824;264.755;21.9052
-164.109;264.059;21.9589
-165.399;263.361;21.9867
-166.687;262.664;21.9616
-167.974;261.967;21.9472
-169.261;261.271;21.9601
-170.548;260.574;21.9737
-171.837;259.874;22.0427
-173.123;259.162;22.082
-174.401;258.431;22.1345
-175.679;257.691;22.2072
-176.956;256.938;22.2875
-178.231;256.174;22.3746
-179.508;255.399;22.4668
-180.786;254.616;22.5634
-182.068;253.826;22.6634
-183.354;253.03;22.7144
-184.645;252.229;22.8719
-185.94;251.424;22.8488
-187.233;250.62;22.8251
-188.524;249.817;22.8828
-189.822;249.009;23.0198
-191.127;248.197;23.1526
-192.439;247.381;23.2173
-193.758;246.559;23.4055
-195.085;245.734;23.5251
-196.414;244.899;23.6309
-197.74;244.045;23.7272
-199.053;243.163;23.7708
-200.349;242.247;23.8423
-201.631;241.304;23.9268
-202.902;240.334;24.0357
-204.158;239.337;24.1144
-205.403;238.316;24.2165
-206.639;237.273;24.321
-207.869;236.214;24.423
-209.093;235.138;24.522
-210.315;234.05;24.6258
-211.537;232.951;24.729
-212.76;231.843;24.7802
-213.985;230.727;24.8822
-215.213;229.604;25.0336
-216.444;228.475;25.1455
-217.68;227.34;25.233
-218.919;226.201;25.3318
-220.162;225.055;25.4247
-221.401;223.897;25.4661
-222.63;222.72;25.5948
-223.857;221.531;25.6877
-225.079;220.329;25.7816
-226.296;219.112;25.8768
-227.509;217.883;25.9726
-228.72;216.644;26.0812
-229.931;215.395;26.1649
-231.144;214.139;26.2608
-232.357;212.875;26.3501
-233.564;211.597;26.4247
-234.756;210.299;26.4531
-235.923;208.973;26.496
-237.056;207.617;26.487
-238.149;206.228;26.4554
-239.2;204.806;26.5087
-240.213;203.354;26.5154
-241.185;201.872;26.51
-242.115;200.361;26.5724
-243.008;198.825;26.6513
-243.867;197.265;26.7415
-244.699;195.684;26.8385
-245.51;194.087;26.9389
-246.307;192.475;27.0404
-247.095;190.852;27.1418
-247.878;189.218;27.2424
-248.658;187.576;27.3419
-249.438;185.927;27.4404
-250.22;184.271;27.4893
-251.003;182.609;27.6345
-251.789;180.941;27.7436
-252.576;179.267;27.8206
-253.354;177.582;27.8959
-254.113;175.883;27.9431
-254.839;174.167;27.9618
-255.524;172.432;27.9437
-256.161;170.678;27.9257
-256.753;168.906;27.9325
-257.3;167.119;27.9998
-257.799;165.315;28.0038
-258.252;163.497;28.069
-258.662;161.666;28.1486
-259.037;159.823;28.2378
-259.381;157.97;28.3326
-259.701;156.106;28.4303
-260.005;154.233;28.5289
-260.297;152.352;28.6247
-260.576;150.462;28.7075
-260.833;148.565;28.7851
-261.073;146.66;28.8754
-261.3;144.746;28.9652
-261.511;142.825;29.0562
-261.707;140.896;29.1483
-261.891;138.96;29.2552
-262.066;137.016;29.3333
-262.234;135.066;29.438
-262.392;133.11;29.5018
-262.53;131.147;29.5592
-262.635;129.179;29.5849
-262.701;127.206;29.6148
-262.731;125.229;29.6579
-262.725;123.247;29.7092
-262.68;121.263;29.7729
-262.597;119.276;29.8473
-262.48;117.286;29.8913
-262.336;115.298;29.8581
-262.168;113.315;29.8239
-261.981;111.334;29.9019
-261.78;109.349;29.984
-261.567;107.36;30.0583
-261.454;106.364;30.0903
-261.335;105.368;30.1173
-261.209;104.372;30.1376
-261.075;103.377;30.1874
-260.934;102.381;30.1965
-260.787;101.385;30.2527
-260.635;100.388;30.2285
-260.477;99.3913;30.2935
-260.312;98.3945;30.3277
-260.141;97.3976;30.3632
-259.963;96.4006;30.3998
-259.779;95.4037;30.3998
-259.589;94.4066;30.4759
-259.394;93.4092;30.5114
-259.193;92.412;30.5433
-258.985;91.4152;30.5708
-258.77;90.4191;30.6131
-258.547;89.424;30.6079
-258.314;88.4306;30.6138
-258.07;87.4394;30.6141
-257.815;86.4508;30.6067
-257.549;85.4652;30.59
-257.27;84.4832;30.5633
-256.977;83.5055;30.5943
-256.67;82.5326;30.4781
-256.349;81.5653;30.4781
-256.013;80.6032;30.4326
-255.664;79.6464;30.363
-255.303;78.6944;30.338
-254.927;77.7481;30.3194
-254.538;76.8078;30.3721
-254.135;75.8738;30.3037
-253.719;74.9462;30.3567
-253.289;74.0251;30.3165
-252.847;73.1104;30.3328
-252.391;72.2019;30.3547
-251.924;71.2995;30.4098
-251.445;70.4029;30.4131
-250.956;69.5117;30.448
-250.456;68.6256;30.4858
-249.946;67.7441;30.526
-249.428;66.8667;30.5844
-248.902;65.9929;30.611
-248.368;65.1221;30.6551
-247.828;64.2539;30.7147
-247.282;63.3877;30.7406
-246.731;62.524;30.7943
-246.173;61.663;30.7778
-245.608;60.8052;30.8381
-245.036;59.9512;30.8589
-244.456;59.1018;30.8877
-243.869;58.2558;30.9212
-243.276;57.4121;30.9212
-242.678;56.5706;30.9908
-242.074;55.732;31.0263
-241.463;54.8963;31.063
-240.847;54.0637;31.1007
-240.224;53.2341;31.1394
-239.596;52.4071;31.1789
-238.962;51.5827;31.219
-238.324;50.7603;31.2596
-237.681;49.9399;31.3005
-237.035;49.121;31.3417
-236.384;48.3034;31.3829
-235.73;47.4867;31.4242
-235.073;46.6708;31.4654
-234.413;45.8553;31.5066
-233.751;45.04;31.5476
-233.087;44.2248;31.5864
-232.42;43.4104;31.6223
-231.748;42.5977;31.6223
-231.073;41.7874;31.6818
-230.391;40.9805;31.7021
-229.704;40.1783;31.7126
-229.008;39.3821;31.7164
-228.305;38.5926;31.7164
-227.592;37.8108;31.6938
-226.87;37.0376;31.7261
-226.139;36.2742;31.6363
-225.398;35.5201;31.6363
-224.647;34.775;31.5918
-223.888;34.0384;31.5918
-223.12;33.3113;31.5648
-222.343;32.5944;31.5594
-221.556;31.8878;31.56
-220.76;31.1917;31.5666
-219.956;30.506;31.579
-219.142;29.8304;31.5967
-218.321;29.1649;31.6193
-217.491;28.5089;31.6193
-216.654;27.8629;31.6874
-215.809;27.2271;31.6723
-214.955;26.6017;31.6802
-214.095;25.987;31.6811
-213.226;25.3834;31.6918
-212.351;24.7893;31.7473
-211.469;24.2032;31.7384
-210.581;23.6246;31.7959
-209.687;23.0536;31.8243
-208.787;22.4904;31.8555
-207.882;21.9344;31.8318
-206.971;21.3855;31.8676
-206.055;20.843;31.9441
-205.135;20.3064;31.9842
-204.21;19.7753;32.021
-203.28;19.25;32.0537
-202.345;18.7311;32.1021
-201.406;18.2192;32.1042
-200.462;17.7149;32.1194
-199.513;17.2193;32.1253
-198.559;16.7335;32.161
-197.598;16.2581;32.1177
-196.633;15.7939;32.1124
-195.662;15.3402;32.1105
-194.685;14.8964;32.1682
-193.704;14.4616;32.1152
-192.718;14.037;32.1308
-191.727;13.6231;32.1442
-190.731;13.22;32.1617
-189.73;12.8277;32.1832
-188.724;12.446;32.2085
-187.714;12.0745;32.2372
-186.7;11.7127;32.2688
-185.682;11.36;32.3028
-184.66;11.0161;32.339
-183.634;10.68;32.3768
-182.605;10.3513;32.4158
-181.573;10.0291;32.4729
-180.538;9.71285;32.51
-179.5;9.40305;32.5252
-178.459;9.10004;32.5533
-177.414;8.80449;32.6101
-176.367;8.51367;32.629
-175.318;8.22664;32.6678
-174.266;7.94363;32.7069
-173.212;7.66469;32.7463
-172.156;7.38957;32.7858
-171.097;7.11805;32.8256
-170.036;6.84977;32.8654
-168.973;6.58441;32.9053
-167.908;6.32164;32.9452
-166.841;6.06105;32.985
-165.772;5.80242;33.0224
-164.702;5.5468;33.0567
-163.629;5.2952;33.1134
-162.554;5.04465;33.1351
-161.478;4.79555;33.1907
-160.4;4.54812;33.2124
-159.321;4.3023;33.2509
-158.24;4.05801;33.2893
-157.157;3.81516;33.3277
-156.073;3.57363;33.366
-154.987;3.3332;33.4208
-153.899;3.09375;33.4404
-152.81;2.85656;33.491
-151.719;2.62277;33.5036
-150.626;2.39367;33.5281
-149.531;2.17062;33.5451
-148.434;1.95527;33.5516
-147.334;1.74945;33.5956
-146.233;1.55219;33.5733
-145.129;1.36277;33.5883
-144.023;1.18027;33.6031
-142.914;1.00613;33.6195
-141.804;0.841055;33.6383
-140.692;0.685273;33.6872
-139.578;0.539883;33.6672
-138.462;0.405625;33.6903
-137.344;0.280078;33.6903
-136.225;0.163281;33.743
-135.104;0.0550781;33.7727
-133.981;-0.0448047;33.8044
-132.857;-0.136836;33.8376
-131.731;-0.221484;33.8722
-130.604;-0.299336;33.9079
-129.476;-0.370937;33.9445
-128.346;-0.436836;33.9817
-127.214;-0.497656;34.0193
-126.081;-0.553945;34.0573
-124.947;-0.606289;34.0955
-123.811;-0.655195;34.1337
-122.675;-0.701133;34.172
-121.536;-0.744531;34.2102
-120.397;-0.785781;34.2461
-119.256;-0.82375;34.279
-118.114;-0.857539;34.3081
-116.97;-0.885977;34.3439
-115.826;-0.911523;34.38
-114.68;-0.934922;34.4156
-113.533;-0.955508;34.4513
-112.384;-0.97293;34.5057
-111.235;-0.987109;34.523
-110.084;-0.998086;34.559
-108.932;-1.00605;34.5952
-107.779;-1.01121;34.6316
-106.624;-1.01375;34.6856
-105.469;-1.01395;34.722
-104.312;-1.01195;34.7584
-103.154;-1.00805;34.7774
-101.994;-1.00254;34.8138
-100.834;-0.995508;34.8502
-99.6723;-0.987188;34.8865
-98.5094;-0.977773;34.9228
-97.3454;-0.967422;34.9765
-96.1802;-0.95625;34.9951
-95.0137;-0.944375;35.0311
-93.8461;-0.931953;35.0671
-92.6773;-0.919062;35.1029
-91.5072;-0.905781;35.1387
-90.336;-0.892187;35.1921
-89.1637;-0.878281;35.2101
-87.9901;-0.864219;35.2457
-86.8153;-0.849961;35.2802
-85.6394;-0.837109;35.3123
-84.4624;-0.826914;35.3478
-83.2842;-0.816719;35.3829
-82.1048;-0.807148;35.4179
-80.9242;-0.798633;35.4528
-79.7424;-0.791289;35.4877
-78.5595;-0.785273;35.4877
-77.3754;-0.780547;35.5575
-76.1902;-0.777109;35.5924
-75.0037;-0.774883;35.6273
-73.8162;-0.77375;35.6273
-72.6274;-0.773711;35.697
-71.4375;-0.77457;35.7319
-70.2464;-0.776289;35.7667
-69.0542;-0.778711;35.8015
-67.8608;-0.781836;35.8015
-66.6663;-0.785469;35.871
-65.4706;-0.789648;35.9237
-64.2738;-0.794219;35.9403
-63.0758;-0.799141;35.9749
-61.8767;-0.804414;36.0094
-60.6764;-0.809883;36.0439
-59.4749;-0.815586;36.0784
-58.2723;-0.821445;36.1128
-57.0686;-0.827461;36.1472
-55.8637;-0.833555;36.1999
-54.6577;-0.839766;36.2159
-53.4505;-0.846055;36.2685
-52.2422;-0.852383;36.2844
-51.0328;-0.858711;36.3186
-49.8222;-0.865117;36.3527
-48.6104;-0.871484;36.3869
-47.3976;-0.877891;36.421
-46.1836;-0.884336;36.455
-44.9684;-0.890703;36.489
-43.7522;-0.897109;36.523
-42.5348;-0.903516;36.5569
-41.3162;-0.909883;36.5908
-40.0965;-0.91625;36.6247
-38.8757;-0.922578;36.6585
-37.6538;-0.928906;36.7109
-36.4308;-0.935273;36.6923
-35.2066;-0.941562;36.7598
-33.9813;-0.947891;36.7935
-32.7549;-0.95418;36.8272
-31.5273;-0.96043;36.8272
-30.2987;-0.966719;36.8944
-29.0689;-0.973008;36.928
-27.838;-0.979258;36.9615
-26.6059;-0.985508;36.995
-25.3728;-0.991758;37.0285
-24.1385;-0.998008;37.0619
-22.9032;-1.00422;37.0953
-21.6667;-1.01043;37.1287
-20.4291;-1.0166;37.162
-19.1904;-1.02281;37.1953
-17.9506;-1.02902;37.2475
-16.7096;-1.0352;37.2618
-15.4676;-1.04137;37.295
-14.2245;-1.04754;37.3282
-12.9802;-1.05371;37.3613
-11.7349;-1.05988;37.3613
-10.4884;-1.06605;37.4275
-9.24084;-1.07219;37.4606
-7.99217;-1.07832;37.4936
-6.74241;-1.08445;37.5266
-5.49155;-1.09059;37.5595
-4.23959;-1.09672;37.5925
-2.98654;-1.10285;37.6253
