1.05543;3.90625e-05;2.44545
2.16407;3.90625e-05;3.57769
3.20568;0.00015625;4.31611
4.23927;0.000429687;4.51663
5.36663;0.000703125;5.20606
6.47158;0.000976563;5.74306
7.52883;0.00128906;6.66125
8.68706;0.00167969;7.42177
9.69121;0.00199219;7.60665
10.7593;0.00242188;8.07102
11.8889;0.00289063;8.53995
13.0771;0.0034375;9.24184
14.3225;0.00410156;9.66481
15.6234;0.00472656;9.84043
16.6382;0.0053125;10.2558
17.6759;0.00589844;10.4535
18.7497;0.00652344;10.8508
19.8461;0.00722656;11.0382
20.9774;0.00792969;11.4265
22.131;0.00871094;11.807
23.3183;0.00953125;11.9831
24.5278;0.0103516;12.1681
25.7698;0.0112891;12.5297
27.0341;0.0122656;12.7163
28.33;0.0132812;13.0834
29.6482;0.0143359;13.2557
30.9855;0.0154297;13.4057
32.3143;0.0166016;13.2595
33.6674;0.0177734;13.6711
35.0453;0.0189453;14.0222
36.455;0.0202344;14.1995
37.8886;0.0215234;14.5615
39.3517;0.0229297;14.7652
40.8377;0.0243359;14.9356
41.8432;0.0253516;15.103
42.8596;0.0264062;15.2677
43.8868;0.0274609;15.43
44.9245;0.0285547;15.59
45.9727;0.0296484;15.7479
47.0313;0.0307812;15.9039
48.1001;0.0319531;16.1642
49.179;0.033125;16.211
50.2679;0.034375;16.3623
51.3668;0.035625;16.5122
52.4755;0.0369141;16.7553
53.594;0.0382422;16.8085
54.7223;0.0395703;17.0448
55.8602;0.0409375;17.1005
57.0077;0.0423438;17.3311
58.1647;0.04375;17.4732
59.3313;0.0452344;17.6148
60.5073;0.0467578;17.7558
61.6927;0.0482812;17.8154
62.8875;0.0498437;18.0362
64.0916;0.0514062;18.1757
65.305;0.0530469;18.236
66.5277;0.0546875;18.4534
67.7597;0.0563672;18.5135
69.0008;0.0580859;18.6516
70.2511;0.0598437;18.8668
71.5106;0.0616406;18.9263
72.7792;0.0634375;19.1403
74.0569;0.0653125;19.2765
75.3436;0.0671875;19.3354
76.6394;0.0691406;19.5479
77.9442;0.0710937;19.683
79.2581;0.073125;19.7412
80.5809;0.0751562;19.9522
81.9126;0.0772266;20.0863
83.2533;0.0793359;20.1438
84.6029;0.0814844;20.3538
85.9584;0.0836719;20.3332
87.3125;0.0858594;20.3124
88.6654;0.0880469;20.3826
90.0266;0.0903125;20.4515
91.398;0.0925781;20.6055
92.7793;0.0948828;20.8244
94.17;0.0972266;20.9728
95.5698;0.0995703;21.0967
96.9784;0.101992;21.1617
98.3956;0.104414;21.2889
99.821;0.106914;21.483
101.255;0.109453;21.6019
102.696;0.112031;21.6502
104.145;0.114687;21.7653
105.602;0.117344;21.8783
107.066;0.12;21.9895
108.537;0.122734;22.0991
110.016;0.125469;22.2073
111.502;0.128281;22.378
112.995;0.131094;22.4204
114.494;0.133984;22.5255
116.001;0.136875;22.6299
117.515;0.139844;22.7958
119.036;0.142812;22.8986
120.563;0.145859;23.0009
122.098;0.148906;23.0411
123.639;0.152031;23.1427
125.187;0.155156;23.2943
126.741;0.158359;23.3447
128.303;0.161563;23.4452
129.871;0.164883;23.5453
131.445;0.168164;23.7062
133.027;0.171523;23.7448
134.615;0.174883;23.8442
136.209;0.17832;24.004
137.81;0.181758;24.1029
139.418;0.185273;24.1409
141.032;0.188789;24.2393
142.653;0.192383;24.398
144.281;0.195977;24.4356
145.914;0.199648;24.5334
147.555;0.20332;24.631
149.202;0.20707;24.7285
150.855;0.21082;24.8257
152.515;0.214648;24.9228
154.181;0.218516;25.0798
155.854;0.222461;25.1163
157.533;0.226406;25.2129
159.219;0.230391;25.3693
160.911;0.234414;25.4053
162.61;0.238477;25.5013
164.315;0.242617;25.6571
166.026;0.246758;25.6927
167.743;0.250977;25.8358
169.467;0.255195;25.8834
171.198;0.259492;26.0383
172.934;0.263828;26.1332
174.677;0.268203;26.2279
176.426;0.272656;26.2628
178.182;0.277109;26.3572
179.944;0.281641;26.4514
181.712;0.286211;26.5454
183.486;0.290859;26.6989
185.267;0.295508;26.733
187.054;0.300195;26.8861
188.847;0.304961;26.92
190.646;0.309766;27.0132
192.452;0.314609;27.1656
194.263;0.319492;27.2584
196.081;0.324414;27.2917
197.905;0.329414;27.4436
199.736;0.334453;27.4766
201.572;0.339531;27.628
203.414;0.344687;27.6608
205.263;0.349844;27.7526
207.118;0.355078;27.8443
208.979;0.360352;27.9358
210.846;0.365703;28.0862
212.719;0.371094;28.1773
214.598;0.376523;28.2683
216.483;0.381992;28.3455
218.374;0.387539;28.3908
220.271;0.393125;28.4813
222.174;0.39875;28.5716
224.084;0.404453;28.6618
225.999;0.410195;28.8106
227.92;0.415977;28.8416
229.847;0.421836;28.9313
231.781;0.427734;29.0208
233.72;0.433672;29.1688
235.665;0.439687;29.1993
237.616;0.445742;29.3469
239.573;0.451875;29.4357
241.536;0.458047;29.5243
243.505;0.464258;29.6128
245.479;0.470508;29.6426
247.46;0.476836;29.7308
249.446;0.483203;29.8188
251.439;0.489609;29.9651
253.437;0.496094;29.9943
254.438;0.499336;30.0965
255.441;0.502617;30.0818
256.445;0.505898;30.1255
257.451;0.509219;30.2275
258.458;0.512539;30.2711
259.466;0.515859;30.2564
260.476;0.519219;30.2999
261.488;0.522578;30.3434
262.5;0.525937;30.4451
263.515;0.529336;30.4303
264.531;0.532734;30.5319
265.548;0.536133;30.517
266.566;0.53957;30.6184
267.587;0.543008;30.6617
268.608;0.546484;30.6467
269.631;0.549961;30.6899
270.655;0.553437;30.7911
271.681;0.556953;30.7761
272.709;0.560469;30.8358
273.736;0.563984;30.8208
274.762;0.5675;30.8023
275.788;0.571055;30.7874
276.814;0.574609;30.7707
277.839;0.578164;30.7539
278.865;0.581719;30.841
279.893;0.585273;30.8789
280.922;0.588867;30.9168
281.952;0.592461;30.9019
282.983;0.596055;30.9928
284.016;0.599648;30.9779
285.05;0.603281;31.069
286.085;0.606914;31.054
287.121;0.610547;31.1453
288.159;0.614219;31.1302
289.198;0.617891;31.2217
290.238;0.621562;31.2448
291.28;0.625234;31.283
292.322;0.628945;31.283
293.366;0.632656;31.3212
294.412;0.636367;31.3594
295.458;0.640117;31.4512
296.506;0.643867;31.4894
297.555;0.647617;31.4741
298.606;0.651406;31.5123
299.657;0.655195;31.5505
300.71;0.659023;31.6268
301.765;0.662852;31.6268
302.82;0.66668;31.665
303.877;0.669023;31.7522
304.935;0.668516;31.7909
305.994;0.668086;31.8289
307.054;0.667031;31.813
308.116;0.665039;31.8509
309.179;0.661875;31.8888
310.243;0.657578;31.9804
311.309;0.652109;31.9646
312.375;0.645547;32.0025
313.443;0.637969;32.0404
314.513;0.629453;32.0783
315.583;0.620117;32.1162
316.655;0.610039;32.192
317.728;0.599297;32.192
318.802;0.586484;32.2823
319.878;0.57332;32.3201
320.954;0.55957;32.3041
322.032;0.545156;32.3419
323.112;0.530078;32.3796
324.192;0.514336;32.455
325.274;0.497969;32.4926
326.357;0.481055;32.5463
327.441;0.463594;32.5303
328.526;0.445742;32.5678
329.613;0.426016;32.6541
330.701;0.403164;32.692
331.789;0.38;32.7294
332.88;0.355977;32.7665
333.971;0.330742;32.8037
335.064;0.304219;32.8408
336.157;0.276289;32.878
337.252;0.24707;32.9151
338.349;0.216562;32.9523
339.446;0.184922;32.9895
340.545;0.152187;32.9732
341.645;0.118555;33.0639
342.746;0.0840234;33.0476
343.848;0.0487891;33.1383
344.951;0.0128516;33.1219
346.056;-0.0236328;33.159
347.162;-0.0605859;33.1961
348.269;-0.0979687;33.2331
349.377;-0.135703;33.2701
350.487;-0.173711;33.3606
351.598;-0.211992;33.3975
352.71;-0.250469;33.381
353.823;-0.289141;33.4712
354.938;-0.327969;33.4546
356.053;-0.366914;33.4914
357.17;-0.405977;33.5815
358.288;-0.445117;33.5649
359.408;-0.484336;33.6549
360.528;-0.523594;33.6748
361.65;-0.562969;33.6748
362.773;-0.602344;33.7114
363.897;-0.641758;33.8012
365.023;-0.681211;33.8377
366.149;-0.720742;33.8741
367.277;-0.760273;33.8573
368.406;-0.799844;33.8937
369.537;-0.839414;33.93
370.668;-0.8775;34.015
371.801;-0.912812;33.9981
372.935;-0.943945;34.0274
374.069;-0.969258;34.0682
375.205;-0.987031;34.0682
376.341;-0.995312;34.074
377.477;-0.993086;34.1035
378.613;-0.979141;34.0575
379.749;-0.952266;34.0605
380.884;-0.911406;33.9895
382.018;-0.856875;33.9464
383.151;-0.789102;33.9045
384.283;-0.708594;33.8696
385.413;-0.614258;33.8873
386.542;-0.505586;33.8592
387.669;-0.382344;33.8373
388.794;-0.244531;33.772
389.916;-0.0922266;33.7633
391.036;0.074375;33.7613
392.153;0.254219;33.7718
393.269;0.44625;33.7956
394.383;0.649023;33.888
395.496;0.863906;33.8703
396.606;1.09055;33.906
397.714;1.3277;33.9983
398.821;1.57406;33.9829
399.928;1.82883;34.0234
401.033;2.09078;34.1208
402.138;2.35879;34.1632
403.243;2.6323;34.1476
404.349;2.91039;34.1894
405.454;3.19207;34.2308
406.56;3.47695;34.3309
407.667;3.76449;34.3149
408.775;4.05391;34.4138
409.884;4.34508;34.4549
410.994;4.63773;34.4389
412.104;4.93258;34.5311
413.215;5.23105;34.5645
414.326;5.53414;34.6047
415.437;5.83949;34.5881
416.549;6.14672;34.6278
417.662;6.45637;34.722
418.776;6.76895;34.7585
419.89;7.08594;34.7914
421.003;7.40816;34.8021
422.115;7.73699;34.8021
423.226;8.07367;34.8235
424.336;8.41617;34.907
425.446;8.76324;34.8837
426.556;9.11621;34.9649
427.663;9.47527;34.9909
428.769;9.8434;34.9675
429.874;10.2199;35.0243
430.975;10.6063;34.9956
432.072;11.0039;34.997
433.167;11.4108;35.0042
434.259;11.8272;35.0182
435.348;12.2499;35.0858
436.435;12.6832;35.1045
437.521;13.1244;35.0721
438.601;13.5762;35.137
439.678;14.0389;35.106
440.752;14.5111;35.1843
441.824;14.9921;35.2114
442.891;15.482;35.2167
443.953;15.9768;35.2706
445.016;16.4837;35.2519
446.077;16.9977;35.2735
447.131;17.5221;35.3331
448.181;18.057;35.305
449.224;18.6025;35.3086
450.262;19.1597;35.3327
451.293;19.7241;35.2922
452.319;20.3055;35.2699
453.34;20.8971;35.2318
454.35;21.5009;35.2011
455.353;22.1169;35.174
456.349;22.7434;35.1544
457.338;23.3822;35.1317
458.317;24.0322;35.106
459.288;24.6997;35.0695
460.249;25.3771;35.0241
461.195;26.0689;34.9812
462.131;26.7733;34.9231
463.055;27.4902;34.8623
463.967;28.22;34.7946
464.866;28.9621;34.7222
465.752;29.7192;34.5376
466.624;30.4897;34.565
467.48;31.2717;34.4816
468.322;32.0662;34.4057
469.151;32.8716;34.2856
469.967;33.688;34.2266
470.771;34.5154;34.2246
471.56;35.3539;34.0822
472.335;36.2037;34.0822
473.093;37.0679;34.056
473.836;37.9405;33.9633
474.559;38.824;33.9131
475.268;39.7172;33.8513
475.961;40.6196;33.7907
476.638;41.5315;33.7578
477.299;42.4523;33.6947
477.943;43.382;33.6387
478.572;44.3204;33.5439
479.185;45.2671;33.5015
479.781;46.2257;33.4843
480.361;47.1909;33.3905
480.92;48.1629;33.3746
481.463;49.1423;33.2852
481.989;50.128;33.2295
482.498;51.1206;33.1705
482.99;52.1193;33.112
483.464;53.126;33.0418
483.918;54.1408;32.9876
484.355;55.1591;32.9113
484.769;56.1816;32.8089
485.168;57.2085;32.7683
485.55;58.239;32.6641
485.913;59.2746;32.6204
486.258;60.3162;32.5267
486.583;61.3613;32.4303
486.887;62.4083;32.308
487.172;63.4567;32.2276
487.44;64.5071;32.1871
487.69;65.5603;32.0717
487.923;66.6162;32.0076
488.14;67.6744;31.9623
488.337;68.7354;31.9258
488.518;69.7976;31.96
488.68;70.8601;31.8952
488.827;71.9239;31.957
488.957;72.9895;31.9077
489.072;74.0564;31.9854
489.171;75.1242;31.9491
489.256;76.1932;32.0432
489.326;77.263;32.0168
489.384;78.3338;32.0579
489.429;79.406;32.1677
489.464;80.4791;32.1479
489.488;81.5536;32.2645
489.504;82.6295;32.2457
489.513;83.7065;32.2951
489.514;84.7851;32.4139
489.511;85.8652;32.3949
489.503;86.9465;32.4442
489.491;88.0296;32.561
489.477;89.1141;32.5413
489.46;90.2001;32.6556
489.442;91.2877;32.6359
489.423;92.3766;32.7468
489.403;93.4671;32.727
489.382;94.5593;32.7719
489.361;95.6524;32.8777
489.341;96.7473;32.9166
489.323;97.8435;32.9518
489.31;98.9409;32.9821
489.303;100.039;33.0189
489.299;101.139;32.9952
489.298;102.24;33.0318
489.302;103.343;33.0647
489.313;104.445;33.1135
489.332;105.549;33.1135
489.357;106.654;33.1411
489.387;107.759;33.1987
489.426;108.866;33.2487
489.472;109.973;33.2674
489.528;111.079;33.2799
489.595;112.186;33.2484
489.672;113.292;33.2484
489.762;114.397;33.2729
489.864;115.501;33.2235
489.98;116.603;33.1999
490.11;117.703;33.2069
490.252;118.802;33.1352
490.408;119.898;33.166
490.575;120.993;33.0928
490.755;122.086;33.0787
490.949;123.177;33.1246
491.156;124.265;33.1195
491.376;125.35;33.0709
491.609;126.433;33.0944
491.855;127.513;33.0944
492.113;128.59;33.1146
492.383;129.665;33.1677
492.665;130.737;33.1677
492.96;131.808;33.2499
493.265;132.876;33.2258
493.582;133.939;33.2513
493.908;135.002;33.2873
494.242;136.062;33.3242
494.584;137.122;33.363
494.934;138.179;33.4386
495.291;139.236;33.4386
495.654;140.292;33.4786
496.024;141.35;33.5554
496.398;142.407;33.5554
496.777;143.46;33.6529
497.161;144.514;33.6333
497.547;145.567;33.6717
497.938;146.621;33.7082
498.335;147.673;33.7994
498.734;148.726;33.7793
499.136;149.781;33.8721
499.544;150.836;33.8506
499.956;151.888;33.9375
500.37;152.939;33.9144
500.787;153.991;34.003
501.209;155.043;34.0368
501.633;156.094;34.0141
502.061;157.145;34.0476
502.492;158.196;34.0813
502.926;159.249;34.1149
503.364;160.302;34.147
503.803;161.354;34.1776
504.245;162.405;34.2102
504.688;163.456;34.2419
505.135;164.507;34.2975
505.586;165.557;34.3532
506.038;166.608;34.3834
506.493;167.66;34.4126
506.952;168.713;34.3875
507.415;169.763;34.4564
507.883;170.81;34.428
508.358;171.855;34.4412
508.841;172.896;34.4387
509.333;173.933;34.4387
509.834;174.966;34.4351
510.343;175.996;34.4335
510.863;177.02;34.4584
511.396;178.04;34.3921
511.941;179.05;34.3819
512.498;180.051;34.3321
513.068;181.044;34.1844
513.651;182.028;34.1844
514.245;183.005;34.1843
514.85;183.974;34.089
515.467;184.934;34.0508
516.099;185.886;34.0168
516.741;186.829;33.9869
517.396;187.76;33.9709
518.062;188.684;34.0117
518.739;189.597;33.9556
519.427;190.503;33.9574
520.126;191.399;34.0185
520.835;192.287;34.0278
521.554;193.167;33.9881
522.283;194.038;33.9949
523.022;194.899;33.9968
523.772;195.751;34.0444
524.53;196.596;34.0587
525.295;197.434;34.0176
526.068;198.266;34.0376
526.848;199.092;34.0599
527.636;199.912;34.0796
528.431;200.724;34.0951
529.234;201.529;34.1054
530.045;202.326;34.1095
530.864;203.116;34.1225
531.687;203.902;34.1436
532.517;204.682;34.1662
533.353;205.458;34.1895
534.194;206.227;34.2147
535.042;206.992;34.2882
535.896;207.749;34.2553
536.755;208.503;34.2827
537.619;209.252;34.3112
538.487;209.998;34.3395
539.36;210.739;34.3695
540.237;211.478;34.4005
541.118;212.213;34.4859
542.002;212.944;34.4596
542.892;213.671;34.5414
543.785;214.396;34.515
544.68;215.119;34.547
545.58;215.84;34.5789
546.481;216.558;34.6096
547.386;217.274;34.6919
548.295;217.987;34.6668
549.206;218.697;34.7556
550.121;219.406;34.7317
551.038;220.114;34.8185
551.957;220.82;34.7956
552.879;221.525;34.8831
553.804;222.227;34.8607
554.732;222.926;34.8882
555.663;223.624;34.9236
556.596;224.321;34.9563
557.531;225.016;34.9901
558.469;225.711;35.0254
559.41;226.403;35.0567
560.354;227.091;35.1328
561.304;227.775;35.1638
562.255;228.457;35.142
563.209;229.137;35.1765
564.167;229.815;35.2073
565.128;230.488;35.2554
566.095;231.154;35.2554
567.068;231.815;35.2703
568.044;232.468;35.2779
569.029;233.112;35.275
570.019;233.746;35.2631
571.014;234.37;35.2449
572.018;234.984;35.2271
573.027;235.589;35.2079
574.041;236.182;35.2197
575.064;236.762;35.1455
576.092;237.33;35.1344
577.124;237.885;35.0589
578.165;238.428;35.0294
579.21;238.962;34.9976
580.263;239.478;35.0126
581.321;239.984;34.9392
582.385;240.475;34.9285
583.456;240.953;34.9182
584.53;241.417;34.9097
585.612;241.864;34.9434
586.698;242.298;34.8938
587.789;242.718;34.8965
588.886;243.124;34.911
589.987;243.518;34.9831
591.093;243.898;34.9573
592.205;244.266;35.0368
593.32;244.622;35.0169
594.44;244.963;35.0446
595.564;245.292;35.0661
596.691;245.608;35.0826
597.823;245.909;35.1375
598.958;246.2;35.165
600.098;246.478;35.1369
601.241;246.747;35.1697
602.383;247.007;35.1982
603.533;247.254;35.2321
604.686;247.492;35.3051
605.84;247.718;35.2843
606.999;247.935;35.3252
608.16;248.143;35.4229
609.324;248.342;35.4096
610.491;248.532;35.4566
611.661;248.713;35.5599
612.832;248.887;35.5525
614.007;249.054;35.6553
615.185;249.215;35.6553
616.364;249.369;35.708
617.546;249.519;35.7612
618.73;249.663;35.8718
619.916;249.804;35.8678
621.105;249.941;35.9213
622.296;250.075;36.0303
623.487;250.206;36.0265
624.682;250.336;36.0817
625.878;250.463;36.1336
627.076;250.59;36.2429
628.277;250.715;36.2393
629.478;250.839;36.347
630.682;250.963;36.3967
631.89;251.086;36.4351
633.095;251.209;36.4351
634.302;251.331;36.4918
635.514;251.454;36.5973
636.726;251.577;36.594
637.94;251.699;36.6459
639.155;251.822;36.6966
640.372;251.945;36.7475
641.591;252.068;36.7981
642.812;252.192;36.8486
644.034;252.315;36.8989
645.258;252.439;36.9492
646.484;252.564;36.9992
647.711;252.688;37.0491
648.939;252.813;37.0988
650.169;252.937;37.2016
651.401;253.062;37.1988
652.635;253.188;37.2486
653.87;253.313;37.2979
655.107;253.439;37.3999
656.346;253.566;37.397
657.586;253.692;37.446
658.827;253.818;37.4953
660.07;253.945;37.5968
661.315;254.072;37.6462
662.562;254.199;37.6438
663.811;254.326;37.6929
665.06;254.454;37.7927
666.312;254.584;37.79
667.564;254.716;37.8353
668.817;254.852;37.8772
670.07;254.994;37.9497
671.324;255.144;37.9419
672.578;255.304;37.957
673.832;255.474;38.0198
675.085;255.652;38.0401
676.339;255.839;38.0545
677.591;256.034;38.068
678.842;256.239;38.0788
680.092;256.456;38.0445
681.341;256.685;38.0901
682.588;256.928;38.0512
683.834;257.182;38.1134
685.077;257.449;38.1303
686.318;257.726;38.1513
687.557;258.013;38.1325
688.794;258.311;38.1656
690.031;258.619;38.2002
691.265;258.938;38.288
692.499;259.269;38.2777
693.731;259.61;38.3653
694.96;259.959;38.3585
696.186;260.318;38.3961
697.411;260.687;38.4657
698.634;261.066;38.485
699.854;261.459;38.4663
701.071;261.861;38.488
702.286;262.273;38.5174
703.501;262.694;38.5986
704.712;263.122;38.583
705.921;263.56;38.6706
707.129;264.007;38.6553
708.333;264.467;38.6842
709.534;264.939;38.7065
710.73;265.422;38.7213
711.922;265.913;38.7447
713.114;266.414;38.7802
714.303;266.924;38.8139
715.488;267.444;38.8518
716.671;267.974;38.9407
717.85;268.514;38.9291
719.025;269.062;38.9995
720.196;269.618;39.0438
721.366;270.184;39.0337
722.537;270.758;39.1279
723.702;271.341;39.1682
724.864;271.933;39.1682
726.023;272.533;39.2541
727.177;273.139;39.2934
728.328;273.753;39.3262
729.478;274.377;39.3155
730.624;275.017;39.3566
731.763;275.667;39.3296
732.892;276.329;39.3377
734.018;276.998;39.3455
735.138;277.673;39.3627
736.257;278.359;39.3848
737.371;279.055;39.4395
738.478;279.768;39.3991
739.577;280.498;39.4194
740.663;281.236;39.3759
741.739;281.984;39.364
742.808;282.741;39.3698
743.87;283.512;39.3316
744.922;284.297;39.2747
745.961;285.102;39.0896
746.988;285.927;39.0896
747.995;286.758;39.0277
748.991;287.6;39
749.978;288.452;38.9304
750.954;289.318;38.8349
751.915;290.198;38.7166
752.858;291.1;38.552
753.78;292.024;38.3561
754.677;292.951;38.2372
755.557;293.891;38.0994
756.423;294.838;37.9653
757.272;295.799;37.7868
758.108;296.771;37.6104
758.917;297.762;37.3812
759.701;298.775;37.0771
760.456;299.79;36.8953
761.186;300.813;36.7238
761.897;301.843;36.5158
762.591;302.881;36.3512
763.265;303.928;36.1967
763.923;304.985;36.0347
764.552;306.065;35.8262
765.16;307.144;35.682
765.731;308.227;35.642
766.285;309.318;35.5051
766.816;310.412;35.4242
767.328;311.511;35.3376
767.819;312.613;35.2735
768.29;313.721;35.2212
768.732;314.842;35.066
769.151;315.97;34.9095
769.539;317.093;34.8241
769.904;318.221;34.7379
770.25;319.351;34.6819
770.574;320.483;34.5655
770.879;321.617;34.483
771.164;322.753;34.4029
771.425;323.891;34.3148
771.658;325.037;34.2028
771.871;326.179;33.9797
772.054;327.318;33.9797
772.219;328.458;33.9224
772.362;329.598;33.8128
772.485;330.737;33.7673
772.588;331.874;33.6599
772.671;333.011;33.5179
772.734;334.146;33.5179
772.773;335.28;33.4381
772.791;336.413;33.3744
772.788;337.54;33.2889
772.763;338.663;33.2031
772.719;339.782;33.108
772.655;340.897;33.0113
772.571;342.007;32.8968
772.469;343.111;32.7801
772.347;344.208;32.6779
772.206;345.3;32.5542
772.045;346.385;32.4243
771.867;347.462;32.2968
771.669;348.532;32.1728
771.452;349.594;32.0468
771.217;350.648;31.9183
770.962;351.694;31.7915
770.689;352.731;31.6639
770.397;353.759;31.5368
770.088;354.777;31.4143
769.758;355.787;31.2908
769.411;356.786;31.1572
769.047;357.774;31.0448
768.663;358.751;30.9076
768.261;359.716;30.7818
767.842;360.671;30.529
767.407;361.615;30.5447
766.953;362.544;30.4297
766.484;363.462;30.2983
765.999;364.367;30.208
765.497;365.258;30.0814
764.976;366.137;29.8338
764.441;367.001;29.8338
763.889;367.848;29.7529
763.321;368.682;29.6476
762.739;369.5;29.5486
762.142;370.304;29.4495
760.909;371.866;29.2496
759.616;373.366;29.0523
758.267;374.797;28.8749
756.868;376.157;28.7229
755.423;377.45;28.5827
753.933;378.675;28.4794
752.399;379.829;28.3089
750.825;380.908;28.1745
749.216;381.912;28.0573
747.575;382.847;27.9575
745.904;383.716;27.9229
744.195;384.517;27.9266
742.465;385.249;27.9525
740.714;385.923;28.0234
738.94;386.548;28.1882
737.147;387.128;28.3054
735.329;387.669;28.3539
733.501;388.172;28.4982
731.661;388.639;28.531
729.807;389.087;28.7119
727.94;389.517;28.7583
726.06;389.93;28.935
724.167;390.33;28.9725
722.273;390.717;29.0805
720.368;391.099;29.2467
718.455;391.48;29.2899
716.534;391.858;29.451
714.603;392.241;29.479
712.677;392.637;29.5597
710.749;393.06;29.6278
708.821;393.508;29.7486
706.897;393.991;29.7597
704.972;394.502;29.8299
703.054;395.042;29.9015
701.138;395.612;30.0263
700.181;395.908;30.0263
699.225;396.209;30.0694
698.27;396.517;30.1565
697.316;396.829;30.1445
696.365;397.148;30.1785
695.408;397.474;30.276
694.451;397.804;30.3173
693.498;398.141;30.3552
692.547;398.484;30.3405
691.596;398.833;30.3846
690.645;399.187;30.4711
689.697;399.545;30.4572
688.751;399.91;30.5468
687.805;400.28;30.5338
686.858;400.656;30.6143
685.908;401.046;30.5993
684.962;401.442;30.6187
684.025;401.849;30.6682
683.094;402.267;30.6397
682.166;402.696;30.6402
681.245;403.134;30.6364
680.328;403.583;30.6364
679.414;404.042;30.6967
678.503;404.51;30.7005
677.595;404.994;30.7002
676.694;405.494;30.6494
675.802;406.004;30.638
674.922;406.526;30.7031
674.045;407.056;30.6622
673.175;407.595;30.677
672.311;408.146;30.734
671.454;408.708;30.7371
670.604;409.282;30.6984
669.763;409.875;30.708
668.931;410.485;30.679
668.111;411.104;30.6518
667.309;411.734;30.5897
666.514;412.377;30.5794
665.731;413.031;30.5029
664.96;413.697;30.449
664.201;414.376;30.3898
663.455;415.067;30.3238
662.725;415.776;30.2599
662.009;416.5;30.1311
661.312;417.233;30.0349
660.636;417.978;29.954
659.973;418.734;29.8613
659.326;419.499;29.7696
658.696;420.276;29.6738
657.484;421.858;29.4791
656.347;423.482;29.2612
655.284;425.143;29.0269
654.304;426.836;28.8721
653.395;428.557;28.7722
652.561;430.304;28.6048
651.803;432.074;28.5086
651.121;433.864;28.3604
650.515;435.672;28.2517
649.984;437.494;28.152
649.529;439.329;28.0681
649.142;441.177;28.0509
648.824;443.036;28.0597
648.571;444.904;28.1172
648.376;446.78;28.2629
648.236;448.665;28.287
648.152;450.555;28.3566
648.121;452.449;28.4207
648.129;454.35;28.5236
648.178;456.256;28.6618
648.271;458.166;28.6968
648.401;460.08;28.8496
648.563;461.999;28.9046
648.754;463.923;29.073
648.971;465.85;29.1934
649.209;467.781;29.2452
649.462;469.719;29.361
649.72;471.664;29.5287
649.968;473.619;29.5707
650.195;475.58;29.6506
650.407;477.549;29.7378
650.599;479.526;29.8821
650.767;481.512;29.913
650.9;483.507;29.982
650.952;484.506;30.0596
650.997;485.507;30.0419
651.037;486.508;30.1356
651.071;487.511;30.1218
651.099;488.514;30.1653
651.121;489.521;30.2662
651.136;490.53;30.3129
651.145;491.54;30.3615
651.147;492.553;30.4091
651.144;493.568;30.4018
651.135;494.583;30.4966
651.12;495.598;30.4881
651.099;496.614;30.5245
651.07;497.629;30.5963
651.033;498.647;30.5845
650.986;499.665;30.6017
650.926;500.684;30.6135
650.854;501.702;30.6178
650.768;502.722;30.6103
650.667;503.739;30.5914
650.556;504.754;30.5747
650.432;505.766;30.624
650.298;506.778;30.5734
650.153;507.79;30.6296
649.996;508.802;30.6321
649.824;509.811;30.5891
649.638;510.819;30.6051
649.438;511.824;30.6262
649.226;512.828;30.7051
649.002;513.83;30.683
648.768;514.828;30.7755
648.523;515.824;30.7615
648.267;516.821;30.8469
648.001;517.815;30.8469
647.724;518.809;30.938
647.438;519.799;30.926
647.143;520.788;30.957
646.842;521.772;30.9855
646.528;522.756;31.0098
646.204;523.743;31.0736
645.873;524.728;31.0736
645.534;525.707;31.1762
645.187;526.687;31.159
644.832;527.665;31.2512
644.47;528.641;31.2382
644.101;529.613;31.2738
643.723;530.583;31.3093
643.338;531.555;31.4106
642.943;532.53;31.3989
642.542;533.503;31.4412
642.135;534.471;31.5455
641.721;535.437;31.5342
641.302;536.402;31.5744
640.878;537.364;31.6143
640.446;538.324;31.6956
640.006;539.283;31.6836
639.557;540.24;31.7072
639.092;541.194;31.7174
638.615;542.144;31.7516
638.127;543.085;31.7468
637.629;544.016;31.6997
637.119;544.943;31.6761
636.598;545.862;31.6744
636.063;546.773;31.5948
635.516;547.676;31.534
634.954;548.569;31.4745
634.375;549.455;31.4153
633.782;550.331;31.417
633.177;551.194;31.3244
632.558;552.046;31.2978
631.927;552.886;31.3195
631.283;553.716;31.2906
630.627;554.534;31.2243
629.958;555.34;31.2265
629.277;556.134;31.1867
628.584;556.915;31.1411
627.872;557.682;31.0555
627.151;558.436;31.0282
626.419;559.171;30.9488
625.675;559.894;30.9226
624.921;560.603;30.8648
624.157;561.298;30.8121
623.381;561.979;30.7189
622.593;562.647;30.6712
621.791;563.301;30.6342
620.982;563.94;30.6022
620.165;564.562;30.6584
619.339;565.173;30.5961
618.504;565.77;30.5948
617.661;566.354;30.5928
616.811;566.924;30.5882
615.951;567.48;30.5806
615.082;568.024;30.6464
614.204;568.557;30.5963
613.32;569.08;30.6066
612.433;569.587;30.6351
611.538;570.087;30.663
610.639;570.576;30.6872
609.733;571.055;30.7097
608.821;571.523;30.7264
607.904;571.98;30.7381
606.977;572.426;30.7913
606.046;572.861;30.7475
605.112;573.287;30.7671
604.174;573.705;30.7928
603.232;574.116;30.8772
602.285;574.518;30.897
601.334;574.91;30.9117
600.379;575.292;30.8752
599.419;575.667;30.9
598.454;576.035;30.9563
597.485;576.397;30.9563
596.514;576.752;31.0162
595.541;577.099;31.0742
594.564;577.44;31.0972
593.585;577.774;31.1171
592.602;578.099;31.085
591.616;578.419;31.1124
590.628;578.735;31.2034
589.634;579.046;31.173
588.64;579.352;31.2189
587.643;579.65;31.2691
586.644;579.941;31.2942
585.643;580.226;31.2879
584.639;580.507;31.2879
583.634;580.784;31.3711
582.625;581.054;31.3397
581.615;581.318;31.42
580.6;581.578;31.3884
579.584;581.834;31.4719
578.567;582.085;31.4961
577.548;582.331;31.4648
576.527;582.57;31.5332
575.504;582.802;31.557
574.48;583.03;31.5823
573.453;583.254;31.607
572.424;583.474;31.5751
571.392;583.69;31.6566
570.359;583.902;31.6479
569.326;584.108;31.6995
568.29;584.308;31.7144
567.253;584.501;31.6808
566.215;584.686;31.7292
565.174;584.861;31.6911
564.132;585.026;31.6831
563.087;585.18;31.6677
562.041;585.321;31.6426
560.994;585.45;31.619
559.946;585.567;31.6014
558.897;585.675;31.6442
557.847;585.771;31.579
556.796;585.855;31.6263
555.744;585.928;31.5696
554.691;585.989;31.5721
553.635;586.038;31.5847
552.582;586.08;31.6624
551.528;586.112;31.6335
550.472;586.138;31.7154
549.416;586.154;31.7438
548.359;586.163;31.7725
547.301;586.166;31.7432
546.242;586.163;31.7992
545.183;586.155;31.7992
544.121;586.145;31.8487
543.062;586.135;31.8487
542.002;586.122;31.8813
540.939;586.108;31.9667
539.876;586.094;31.936
538.811;586.08;31.9908
537.745;586.066;32.0484
536.679;586.052;32.0172
535.612;586.039;32.0435
534.542;586.027;32.0695
533.476;586.018;32.0814
532.408;586.009;32.169
531.337;586;32.1377
530.267;585.993;32.1624
529.196;585.988;32.1871
528.124;585.984;32.2126
527.05;585.982;32.2383
525.975;585.981;32.3189
524.9;585.981;32.3142
523.822;585.98;32.3378
522.746;585.98;32.3378
521.668;585.979;32.361
520.59;585.979;32.3845
519.511;585.98;32.4063
518.431;585.985;32.427
517.351;585.995;32.4418
516.269;586.007;32.479
515.189;586.022;32.5383
514.108;586.04;32.5045
513.024;586.059;32.5802
511.941;586.081;32.547
510.857;586.106;32.6269
509.771;586.133;32.5945
508.684;586.163;32.6155
507.597;586.192;32.6938
506.509;586.219;32.6774
505.422;586.243;32.6774
504.334;586.265;32.7015
503.246;586.286;32.7218
502.158;586.307;32.7439
501.067;586.327;32.7671
499.975;586.347;32.8434
498.883;586.366;32.8104
497.79;586.383;32.8331
496.694;586.398;32.9034
495.601;586.412;32.8704
494.508;586.424;32.8975
493.411;586.434;32.9751
492.314;586.443;32.9649
491.216;586.449;32.9821
490.118;586.452;33.0304
489.019;586.449;32.9968
487.918;586.438;33.0069
486.821;586.424;33.0596
485.724;586.401;33.0194
484.623;586.375;33.0308
483.523;586.344;33.0429
482.422;586.306;33.1107
481.32;586.261;33.0699
480.22;586.208;33.0807
479.119;586.146;33.0878
478.016;586.077;33.1048
476.917;586.003;33.1729
475.818;585.922;33.1366
474.716;585.837;33.1549
473.615;585.746;33.1742
472.513;585.647;33.2404
471.412;585.542;33.2041
470.311;585.431;33.2255
469.21;585.316;33.2467
468.107;585.196;33.3168
467.007;585.073;33.3433
465.907;584.945;33.3633
464.804;584.814;33.3302
463.702;584.676;33.3941
462.6;584.532;33.4138
461.499;584.383;33.3779
460.397;584.231;33.3993
459.295;584.075;33.4203
458.192;583.913;33.4832
457.092;583.747;33.4476
455.994;583.573;33.5039
454.893;583.391;33.4646
453.794;583.203;33.5323
452.695;583.009;33.491
451.597;582.81;33.506
450.499;582.604;33.575
449.402;582.391;33.5361
448.307;582.169;33.5452
447.213;581.942;33.5634
446.118;581.708;33.6363
445.025;581.469;33.6003
443.932;581.225;33.6759
442.84;580.974;33.6969
441.749;580.719;33.7163
440.658;580.458;33.6978
439.568;580.191;33.7088
438.48;579.916;33.7636
437.392;579.637;33.784
436.304;579.353;33.8036
435.217;579.066;33.7902
434.13;578.773;33.7902
433.044;578.475;33.8083
431.96;578.17;33.8228
430.876;577.862;33.9005
429.793;577.549;33.9221
428.709;577.232;33.9444
427.626;576.911;33.9642
426.544;576.585;33.9314
425.464;576.253;33.9481
424.385;575.915;34.0028
423.309;575.569;33.9664
422.235;575.214;33.9986
421.164;574.849;33.9872
420.097;574.474;33.9348
419.035;574.087;33.9067
417.979;573.689;33.8681
416.928;573.278;33.8164
415.882;572.85;33.7732
414.844;572.41;33.7012
413.817;571.954;33.5124
412.795;571.487;33.5646
411.781;571.007;33.4486
410.775;570.513;33.3894
409.776;570.008;33.3344
408.787;569.487;33.3266
407.803;568.946;33.135
406.832;568.395;33.135
405.879;567.827;33.0786
404.935;567.246;33.0367
404.003;566.653;32.9429
403.083;566.046;32.8706
402.173;565.428;32.8197
401.275;564.792;32.7019
400.388;564.139;32.6011
399.517;563.475;32.5044
398.667;562.798;32.4195
397.828;562.108;32.3262
397.001;561.41;32.2808
396.189;560.698;32.1607
395.389;559.977;32.0987
394.602;559.241;31.9898
393.832;558.487;31.6929
393.079;557.725;31.6929
392.35;556.953;31.5984
391.632;556.169;31.507
390.929;555.38;31.4999
390.24;554.58;31.3831
389.564;553.771;31.3181
388.902;552.95;31.2442
388.259;552.114;31.1407
387.633;551.272;31.0383
387.033;550.423;30.9581
386.448;549.565;30.8712
385.878;548.704;30.8443
385.324;547.833;30.7369
384.785;546.956;30.6961
384.262;546.071;30.5834
383.757;545.175;30.4766
383.271;544.273;30.4086
382.806;543.367;30.2853
382.362;542.456;30.2065
381.933;541.541;30.1701
381.522;540.621;30.0584
381.125;539.697;29.9756
380.748;538.767;29.8972
380.386;537.832;29.8091
380.048;536.89;29.7421
379.427;535.001;29.5274
378.881;533.104;29.3739
378.399;531.197;29.273
377.982;529.278;29.1913
377.636;527.351;29.1086
377.357;525.422;29.1568
377.138;523.492;29.1021
376.979;521.558;29.1337
376.88;519.62;29.0498
376.842;517.686;28.9994
376.861;515.755;28.9791
376.928;513.825;29.0554
377.043;511.895;29.0842
377.2;509.965;29.0562
377.396;508.037;29.106
377.627;506.11;29.1987
377.884;504.184;29.2314
378.164;502.257;29.2927
378.465;500.328;29.3503
378.777;498.398;29.4117
379.101;496.466;29.467
379.443;494.534;29.5123
379.8;492.6;29.5694
380.173;490.666;29.6138
380.57;488.733;29.655
380.983;486.801;29.7636
381.413;484.869;29.7513
381.866;482.939;29.7974
382.336;481.01;29.846
382.826;479.082;29.8909
383.333;477.155;29.9937
383.859;475.23;29.9905
384.4;473.305;30.0942
384.679;472.344;30.0637
384.965;471.384;30.0809
385.257;470.426;30.092
385.559;469.471;30.097
385.868;468.517;30.11
386.183;467.563;30.1735
386.504;466.614;30.1343
386.837;465.667;30.1844
387.177;464.72;30.1901
387.527;463.779;30.1454
387.885;462.838;30.2118
388.251;461.901;30.227
388.625;460.967;30.2449
389.008;460.035;30.2089
389.399;459.106;30.2793
389.797;458.18;30.2483
390.206;457.259;30.2694
390.621;456.336;30.3491
391.041;455.419;30.3796
391.469;454.502;30.4077
391.903;453.586;30.382
392.341;452.673;30.4697
392.787;451.762;30.4454
393.24;450.853;30.5182
393.698;449.948;30.4928
394.165;449.046;30.5121
394.64;448.145;30.5216
395.122;447.25;30.5978
395.61;446.356;30.6164
396.106;445.465;30.6281
396.61;444.579;30.6506
397.122;443.696;30.617
397.642;442.815;30.6924
398.166;441.939;30.6636
398.701;441.066;30.691
399.242;440.195;30.7504
399.788;439.329;30.7504
400.342;438.465;30.7869
400.903;437.603;30.8225
401.467;436.745;30.9123
402.039;435.889;30.9253
402.618;435.036;30.9253
403.207;434.183;30.9521
403.8;433.337;30.983
404.402;432.498;31.0334
405.011;431.662;31.0044
405.626;430.83;31.0824
406.248;430.002;31.0513
406.879;429.18;31.1202
407.517;428.363;31.0871
408.162;427.549;31.1129
408.818;426.738;31.1325
409.483;425.93;31.1546
410.151;425.13;31.2304
410.825;424.34;31.1991
411.505;423.55;31.2267
412.191;422.766;31.253
412.883;421.986;31.2782
413.581;421.211;31.2984
414.283;420.439;31.3585
414.991;419.67;31.3585
415.709;418.901;31.4316
416.431;418.137;31.4579
417.154;417.379;31.4258
417.881;416.626;31.5022
418.613;415.876;31.4694
419.351;415.131;31.4831
420.095;414.392;31.5309
420.846;413.661;31.4923
421.603;412.934;31.5006
422.366;412.212;31.513
423.139;411.49;31.5262
423.914;410.776;31.528
424.693;410.073;31.5365
425.48;409.377;31.5361
426.272;408.687;31.5431
427.07;408.002;31.6119
427.873;407.323;31.5693
428.681;406.65;31.5854
429.494;405.982;31.6598
430.317;405.318;31.6368
431.142;404.658;31.6368
431.971;404.007;31.6523
432.804;403.362;31.6643
433.642;402.723;31.6706
434.484;402.089;31.6857
435.329;401.458;31.7037
436.178;400.831;31.7218
437.031;400.207;31.7985
437.888;399.586;31.7603
438.75;398.968;31.7789
439.613;398.354;31.8136
440.477;397.745;31.8136
441.343;397.137;31.832
442.212;396.531;31.8497
443.082;395.927;31.8679
443.954;395.324;31.9039
444.828;394.722;31.9039
445.703;394.121;31.9786
446.578;393.52;31.9397
447.455;392.915;32.0045
448.329;392.307;32.0102
449.199;391.697;31.9675
450.063;391.08;32.0167
450.925;390.459;31.9669
451.784;389.834;32.0276
452.641;389.205;31.9745
453.493;388.569;32.0238
454.34;387.927;31.9729
455.183;387.279;32.0288
456.023;386.624;31.9773
456.858;385.964;32.0374
457.689;385.297;32.0403
458.513;384.625;32.0404
459.331;383.946;32.0362
460.143;383.261;31.9845
460.948;382.568;32.011
461.746;381.868;31.9539
462.536;381.16;31.9596
463.316;380.443;31.9353
464.089;379.718;31.9153
464.854;378.982;31.8373
465.611;378.24;31.7577
466.353;377.49;31.7577
467.085;376.73;31.7349
467.804;375.961;31.639
468.511;375.183;31.5675
469.205;374.395;31.5035
469.889;373.6;31.445
470.562;372.796;31.4548
471.225;371.982;31.3556
471.873;371.158;31.3092
472.506;370.328;31.2615
473.122;369.489;31.1898
473.727;368.643;31.1898
474.319;367.79;31.1693
474.9;366.929;31.2113
475.47;366.063;31.2009
476.027;365.189;31.1386
476.572;364.308;31.1259
477.104;363.419;31.1077
477.621;362.52;31.08
478.126;361.618;31.0963
478.616;360.711;31.0239
479.094;359.799;30.9942
479.558;358.881;30.991
480.007;357.957;30.9433
480.442;357.028;30.8896
480.863;356.094;30.7964
481.27;355.155;30.7464
481.665;354.212;30.7042
482.048;353.26;30.6734
482.419;352.306;30.6411
482.772;351.354;30.6886
483.111;350.395;30.6692
483.441;349.434;30.6053
483.759;348.47;30.6088
484.071;347.501;30.6105
484.374;346.531;30.6162
484.668;345.557;30.675
484.951;344.579;30.672
485.222;343.596;30.6566
485.483;342.612;30.5951
485.729;341.631;30.5494
485.965;340.647;30.5872
486.188;339.664;30.5194
486.397;338.676;30.4875
486.601;337.688;30.4528
486.791;336.697;30.4815
486.974;335.702;30.398
487.141;334.705;30.3531
487.295;333.708;30.3325
487.433;332.712;30.2388
487.554;331.715;30.1747
487.663;330.718;30.103
487.841;328.728;30.0068
487.915;327.731;30.0176
488.014;325.736;29.942
488.062;323.745;29.8344
488.056;321.756;29.7739
488.001;319.77;29.8188
487.899;317.788;29.7659
487.744;315.809;29.7528
487.539;313.84;29.6971
487.28;311.878;29.7114
486.967;309.928;29.6221
486.598;307.988;29.5456
486.172;306.067;29.5005
485.682;304.161;29.3467
485.133;302.282;29.2161
484.521;300.427;29.0521
483.843;298.604;28.8874
483.105;296.811;28.7472
482.302;295.056;28.5972
481.44;293.337;28.4884
480.517;291.658;28.4041
479.537;290.022;28.3711
478.502;288.427;28.2642
477.412;286.877;28.2393
476.273;285.371;28.1469
475.083;283.91;28.0948
473.849;282.49;28.0798
472.568;281.114;28.0706
471.247;279.775;28.1806
469.889;278.473;28.1651
468.495;277.2;28.315
467.071;275.96;28.3313
465.619;274.742;28.4938
464.143;273.546;28.5217
462.646;272.367;28.6817
461.127;271.207;28.704
459.587;270.07;28.8049
458.019;268.965;28.8482
456.423;267.892;28.8418
454.802;266.847;28.8971
453.155;265.84;28.9903
451.486;264.867;28.9965
449.793;263.922;29.0682
448.075;263.013;29.1414
446.334;262.134;29.2574
444.577;261.286;29.2891
442.802;260.47;29.3393
441.005;259.695;29.3611
439.185;258.972;29.3599
437.337;258.306;29.3168
435.477;257.705;29.2119
433.603;257.159;29.1799
431.713;256.669;29.1234
429.806;256.251;29.0415
427.88;255.904;28.9879
425.955;255.634;28.9587
424.028;255.428;28.9157
422.1;255.286;28.8691
420.166;255.219;28.8173
418.233;255.237;28.6776
416.317;255.337;28.5837
414.411;255.504;28.4786
412.521;255.739;28.3786
410.641;256.039;28.3075
408.765;256.415;28.3052
406.923;256.872;28.2398
405.103;257.396;28.2472
403.309;257.984;28.2212
401.538;258.629;28.2396
399.78;259.342;28.1813
398.064;260.123;28.167
396.379;260.964;28.1402
394.728;261.864;28.1377
393.111;262.817;28.0616
391.529;263.83;28.0365
389.99;264.908;27.9142
388.506;266.043;27.9394
387.058;267.228;27.8987
385.648;268.457;27.9241
384.275;269.731;27.9982
382.935;271.056;28.1469
381.636;272.415;28.2431
380.368;273.81;28.3217
379.133;275.237;28.3391
377.933;276.697;28.3839
376.771;278.198;28.4085
375.65;279.731;28.5092
374.566;281.294;28.5109
373.515;282.886;28.6496
372.498;284.506;28.6805
371.51;286.152;28.7818
370.547;287.819;28.8926
369.602;289.503;29.0053
368.669;291.203;29.1169
367.744;292.915;29.2278
366.823;294.638;29.3957
365.903;296.372;29.5012
364.984;298.113;29.5463
364.064;299.86;29.6476
363.143;301.613;29.7476
362.22;303.371;29.9022
361.294;305.138;30.0011
360.828;306.025;29.9945
360.363;306.912;30.0985
359.896;307.799;30.1466
359.429;308.688;30.139
358.961;309.579;30.2418
358.492;310.47;30.2881
358.024;311.363;30.3356
357.554;312.257;30.3285
357.085;313.152;30.4239
356.614;314.05;30.4239
356.141;314.952;30.5239
355.667;315.854;30.5715
355.193;316.756;30.6168
354.717;317.658;30.6583
354.238;318.56;30.6494
353.755;319.462;30.7391
353.27;320.362;30.7839
352.785;321.264;30.7739
352.297;322.165;30.8177
351.807;323.069;30.8647
351.311;323.974;30.91
350.811;324.88;30.9538
350.309;325.785;30.9965
349.804;326.687;31.0965
349.296;327.591;31.1404
348.787;328.494;31.179
348.276;329.397;31.1697
347.763;330.298;31.2138
347.246;331.201;31.2552
346.726;332.105;31.3028
346.203;333.01;31.4026
345.676;333.918;31.3951
345.145;334.825;31.4858
344.612;335.727;31.4745
344.076;336.631;31.5567
343.539;337.533;31.6124
343;338.436;31.6025
342.458;339.338;31.6449
341.911;340.24;31.7405
341.36;341.143;31.7319
340.805;342.045;31.7774
340.246;342.95;31.8224
339.681;343.854;31.8624
339.113;344.754;31.8978
338.543;345.649;31.9281
337.966;346.542;31.9584
337.384;347.432;31.9806
336.791;348.319;32
336.189;349.199;32.0321
335.575;350.072;32.0295
334.951;350.938;32.0141
334.313;351.795;31.9131
333.66;352.644;31.9414
332.999;353.481;31.86
332.328;354.302;31.8074
331.643;355.116;31.7425
330.947;355.92;31.6686
330.24;356.712;31.5012
329.522;357.491;31.5012
328.794;358.255;31.4113
328.056;359.008;31.3324
327.311;359.748;31.2695
326.553;360.478;31.2201
325.788;361.199;31.1801
325.017;361.908;31.1729
324.239;362.606;31.1729
323.455;363.297;31.2015
322.664;363.979;31.2674
321.87;364.655;31.2868
321.072;365.323;31.3181
320.27;365.988;31.3177
319.464;366.652;31.3699
318.653;367.317;31.3958
317.839;367.983;31.387
317.026;368.649;31.4478
316.217;369.312;31.4755
315.407;369.978;31.5032
314.597;370.644;31.4912
313.787;371.312;31.5654
312.977;371.983;31.5984
312.167;372.655;31.6326
311.357;373.329;31.622
310.544;374.007;31.6551
309.73;374.688;31.732
308.918;375.369;31.7167
308.109;376.049;31.8027
307.298;376.731;31.788
306.487;377.414;31.8733
305.675;378.098;31.8588
304.863;378.784;31.9315
304.049;379.469;31.9315
303.232;380.154;31.9655
302.409;380.837;31.9978
301.585;381.52;32.0305
300.764;382.199;32.0305
299.941;382.876;32.0115
299.116;383.55;31.9946
298.29;384.221;31.9737
297.459;384.885;31.9491
296.623;385.545;31.9625
295.782;386.198;31.9989
294.933;386.842;31.9726
294.078;387.479;31.9638
293.217;388.105;31.9061
292.348;388.719;31.9061
291.472;389.325;31.866
290.59;389.919;31.8312
289.702;390.504;31.8056
288.806;391.078;31.781
287.906;391.642;31.7629
286.997;392.193;31.7549
286.082;392.733;31.75
285.16;393.262;31.7526
284.233;393.779;31.7622
283.299;394.285;31.7968
282.359;394.781;31.7968
281.413;395.267;31.8672
280.462;395.743;31.8957
279.506;396.21;31.8829
278.545;396.667;31.9144
277.578;397.115;31.9423
276.607;397.557;31.9807
275.633;397.991;32.0632
274.653;398.42;32.0632
273.67;398.842;32.1025
272.683;399.257;32.1383
271.692;399.667;32.1837
270.698;400.074;32.2288
269.701;400.476;32.2734
268.701;400.875;32.321
267.697;401.271;32.4182
266.691;401.663;32.4121
265.682;402.049;32.4541
264.669;402.43;32.492
263.653;402.808;32.5373
262.634;403.183;32.5841
261.613;403.555;32.6309
260.588;403.923;32.6747
259.561;404.286;32.7697
258.53;404.645;32.8159
257.497;405.001;32.8091
256.461;405.354;32.8563
255.422;405.704;32.9041
254.38;406.05;32.949
253.336;406.392;33.0508
252.289;406.733;33.0458
251.239;407.071;33.145
250.188;407.405;33.1838
249.133;407.735;33.1838
248.075;408.063;33.2323
247.016;408.388;33.2807
245.954;408.712;33.3296
244.889;409.032;33.3759
243.822;409.348;33.4187
242.752;409.658;33.5039
241.678;409.964;33.5039
240.603;410.268;33.5497
239.525;410.569;33.5974
238.445;410.866;33.6441
237.361;411.16;33.7444
236.276;411.45;33.7395
235.187;411.737;33.7877
234.097;412.02;33.8332
233.003;412.297;33.8758
231.907;412.572;33.9728
230.809;412.845;33.9728
229.709;413.114;34.0209
228.605;413.38;34.0677
227.5;413.64;34.1638
226.392;413.899;34.1587
225.281;414.154;34.2072
224.169;414.407;34.2554
223.054;414.657;34.3044
221.937;414.905;34.3535
220.818;415.15;34.4022
219.697;415.392;34.5017
218.573;415.633;34.5017
217.448;415.873;34.5509
216.32;416.111;34.6534
215.191;416.347;34.6503
214.059;416.581;34.6977
212.926;416.812;34.7967
211.789;417.042;34.793
210.653;417.27;34.8407
209.514;417.497;34.8911
208.372;417.723;34.9403
207.228;417.947;34.989
206.083;418.17;35.0892
204.936;418.39;35.0857
203.786;418.606;35.13
202.635;418.822;35.1792
201.48;419.035;35.2283
200.326;419.247;35.329
199.169;419.457;35.3776
198.009;419.666;35.3743
196.848;419.872;35.4228
195.684;420.076;35.5135
194.519;420.275;35.5135
193.351;420.474;35.6147
192.182;420.67;35.6107
191.01;420.864;35.6594
189.837;421.057;35.7069
188.662;421.247;35.7564
187.484;421.436;35.8534
186.305;421.622;35.8534
185.124;421.808;35.9024
183.941;421.991;35.9511
182.756;422.172;36.0463
181.569;422.35;36.0425
180.381;422.526;36.0897
179.191;422.7;36.191
177.998;422.873;36.1875
176.803;423.044;36.2356
175.607;423.213;36.3324
174.409;423.381;36.3843
173.209;423.546;36.4328
172.007;423.711;36.4296
170.803;423.872;36.4764
169.598;424.03;36.5191
168.391;424.186;36.5685
167.181;424.341;36.6166
165.97;424.494;36.7163
164.757;424.646;36.7127
163.542;424.795;36.7607
162.325;424.943;36.8611
161.106;425.089;36.9082
159.887;425.234;36.9047
158.665;425.377;37.0055
157.441;425.519;37.0024
156.216;425.66;37.0506
154.988;425.801;37.0991
153.759;425.94;37.1473
152.529;426.079;37.2477
151.296;426.217;37.2444
150.062;426.355;37.3438
148.827;426.492;37.3878
147.59;426.631;37.4357
146.352;426.772;37.4326
145.113;426.917;37.5147
143.873;427.069;37.5092
142.632;427.224;37.5499
141.39;427.382;37.5925
140.147;427.544;37.6842
138.904;427.711;37.7249
137.66;427.884;37.7156
136.415;428.061;37.7574
135.169;428.244;37.8436
133.923;428.433;37.8959
132.675;428.625;37.8908
131.426;428.819;37.9893
130.177;429.014;38.0416
128.926;429.211;38.0408
127.673;429.411;38.1408
126.419;429.611;38.1893
125.164;429.812;38.1855
123.907;430.013;38.233
122.648;430.213;38.2804
121.387;430.412;38.3278
120.125;430.61;38.4221
118.862;430.807;38.4221
117.596;431.002;38.4694
116.328;431.197;38.5165
115.059;431.39;38.6148
113.788;431.583;38.6108
112.515;431.774;38.7092
111.241;431.965;38.7052
109.965;432.155;38.7521
108.687;432.344;38.8505
107.407;432.533;38.8974
106.126;432.721;38.8934
104.843;432.909;38.9405
103.559;433.096;38.9873
102.273;433.282;39.08
100.985;433.464;39.127
99.6952;433.647;39.1224
98.4039;433.828;39.2198
97.1107;434.008;39.2151
95.8159;434.187;39.2613
94.5193;434.365;39.3075
93.2209;434.541;39.3537
91.9208;434.715;39.4
90.6189;434.887;39.4442
89.3151;435.055;39.4851
88.0094;435.217;39.5217
86.7017;435.376;39.6154
85.3922;435.533;39.6501
84.0809;435.687;39.6501
82.7677;435.836;39.7433
81.4525;435.982;39.7361
80.1355;436.124;39.7796
78.8166;436.262;39.8236
77.4959;436.397;39.9183
76.1734;436.527;39.9128
74.849;436.655;40.0083
73.5229;436.779;40.0537
72.195;436.901;40.0487
70.8654;437.02;40.0945
69.5339;437.135;40.1377
68.201;437.246;40.1773
66.8662;437.35;40.2124
65.53;437.448;40.241
64.1923;437.536;40.2889
62.8535;437.614;40.2662
61.5137;437.68;40.2607
60.173;437.733;40.2399
58.832;437.773;40.2119
57.4907;437.801;40.2057
56.1491;437.818;40.1318
54.8085;437.821;40.0769
53.4693;437.809;40.0081
52.1324;437.781;39.9248
50.798;437.74;39.8415
49.4657;437.683;39.7648
48.137;437.612;39.6984
46.8108;437.525;39.632
45.4876;437.424;39.5754
44.1676;437.308;39.5207
42.852;437.177;39.4088
41.5407;437.031;39.3649
40.2342;436.871;39.2863
38.9331;436.696;39.1575
37.6377;436.507;39.1213
36.3463;436.305;39.036
35.0608;436.091;38.9531
33.7806;435.863;38.8689
32.5058;435.623;38.7852
31.2368;435.371;38.6469
29.9727;435.106;38.6239
28.7147;434.831;38.5087
27.4624;434.545;38.4933
26.2136;434.248;38.4054
24.9698;433.941;38.3664
23.73;433.624;38.335
22.4939;433.297;38.3243
21.2615;432.961;38.3018
20.0318;432.617;38.2838
18.8056;432.265;38.2767
17.5822;431.905;38.2734
16.3604;431.538;38.2746
15.1408;431.165;38.2801
13.9228;430.786;38.3073
12.7062;430.402;38.3235
11.4906;430.012;38.3191
10.2755;429.618;38.3383
9.06229;429.22;38.3386
7.85073;428.819;38.333
6.64007;428.414;38.3226
5.43087;428.007;38.3186
4.22264;427.598;38.3113
3.01456;427.186;38.3279
1.80705;426.772;38.3354
0.599893;426.357;38.3314
-0.6066;425.94;38.317
-1.81126;425.523;38.2675
-3.01471;425.104;38.2635
-4.21603;424.684;38.227
-5.41482;424.26;38.1409
-6.61033;423.833;38.1359
-7.80298;423.404;38.0836
-8.99543;422.973;38.0263
-10.1853;422.54;37.9131
-11.3695;422.104;37.8491
-12.5501;421.662;37.7813
-13.7257;421.215;37.7702
-14.8974;420.763;37.6975
-16.0652;420.307;37.5636
-17.2289;419.848;37.552
-18.39;419.381;37.4748
-19.5459;418.908;37.3956
-20.6918;418.428;37.2448
-21.8331;417.94;37.2215
-22.9663;417.443;37.0524
-24.0918;416.936;37.0157
-25.2085;416.419;36.8999
-26.3189;415.887;36.6748
-27.4193;415.344;36.595
-28.5044;414.788;36.4393
-29.5807;414.218;36.331
-30.6458;413.635;36.1647
-31.6996;413.038;36.0074
-32.7417;412.429;35.8608
-33.7703;411.809;35.6438
-34.787;411.175;35.3974
-35.7911;410.523;35.0669
-36.7771;409.862;34.8305
-37.7404;409.187;34.686
-38.6906;408.5;34.4786
-39.6247;407.803;34.285
-40.5434;407.094;34.0909
-41.446;406.375;33.8197
-42.332;405.637;33.6599
-43.1995;404.89;33.4573
-44.039;404.134;33.2833
-44.8619;403.367;33.0948
-45.6669;402.592;32.9191
-46.454;401.808;32.7255
-47.2229;401.016;32.5329
-47.9734;400.215;32.2412
-48.7053;399.404;31.9893
-49.414;398.573;31.7443
-50.1025;397.74;31.5702
-50.7592;396.91;31.3826
-51.4008;396.069;31.0929
-52.0235;395.224;30.8935
-52.6299;394.372;30.6965
-53.2195;393.517;30.5616
-53.7888;392.645;30.2544
-54.3337;391.767;30.0889
-54.8535;390.888;29.9494
-55.3469;390.013;29.8845
-55.8274;389.131;29.8186
-56.293;388.245;29.6784
-56.7448;387.352;29.6784
-57.5995;385.565;29.405
-58.3893;383.756;29.0857
-59.105;381.962;28.9199
-59.7774;380.163;28.8014
-60.4052;378.358;28.6355
-60.9919;376.547;28.536
-61.544;374.732;28.4504
-62.0659;372.918;28.3927
-62.5666;371.1;28.3779
-63.0495;369.279;28.3606
-63.5189;367.456;28.3185
-63.9788;365.631;28.3188
-64.4338;363.805;28.328
-64.8959;361.981;28.2983
-65.3764;360.168;28.1859
-65.8879;358.37;28.0799
-66.4331;356.583;28.0712
-67.0071;354.806;28.0442
-67.6139;353.042;28.0099
-68.2562;351.291;27.9796
-68.9318;349.556;27.9831
-69.6366;347.831;27.9924
-70.3749;346.121;28.0312
-71.1469;344.427;27.9852
-71.9596;342.752;27.9834
-72.8129;341.101;27.9487
-73.7058;339.471;27.8735
-74.642;337.864;27.844
-75.6148;336.28;27.8979
-76.6277;334.72;27.8556
-77.6819;333.188;27.9477
-78.7689;331.674;27.9396
-79.8893;330.18;28.0164
-81.0379;328.704;28.0838
-82.2126;327.24;28.232
-83.4103;325.789;28.2556
-84.6286;324.346;28.4112
-85.8673;322.913;28.4373
-87.1223;321.485;28.5333
-88.3934;320.063;28.6259
-89.6774;318.644;28.7211
-90.977;317.232;28.807
-92.2885;315.823;28.901
-93.6148;314.419;28.9855
-94.9597;313.026;29.0653
-96.3243;311.645;29.1361
-97.7155;310.286;29.1788
-99.1379;308.956;29.1989
-100.588;307.65;29.2409
-102.064;306.369;29.2931
-103.568;305.113;29.4152
-105.098;303.883;29.4918
-106.648;302.67;29.5812
-108.216;301.472;29.6125
-109.799;300.284;29.7046
-111.396;299.103;29.7943
-113.006;297.934;29.8707
-114.628;296.772;29.9591
-115.443;296.192;30.0033
-116.261;295.614;30.0472
-117.082;295.037;30.1515
-117.905;294.462;30.1955
-118.731;293.887;30.1794
-119.561;293.315;30.2212
-120.393;292.743;30.2639
-121.226;292.173;30.3081
-122.062;291.603;30.3515
-122.901;291.035;30.4478
-123.743;290.469;30.4308
-124.588;289.908;30.4197
-125.436;289.354;30.3968
-126.286;288.803;30.3762
-127.138;288.255;30.3478
-127.992;287.713;30.3708
-128.849;287.176;30.348
-129.71;286.641;30.3793
-130.573;286.112;30.4107
-131.442;285.585;30.4442
-132.312;285.061;30.5305
-133.187;284.541;30.5109
-134.065;284.024;30.5451
-134.946;283.51;30.5808
-135.829;282.999;30.6158
-136.715;282.49;30.6528
-137.603;281.983;30.6895
-138.494;281.478;30.7262
-139.387;280.974;30.7635
-140.282;280.471;30.8007
-141.179;279.969;30.8926
-142.078;279.468;30.8753
-142.978;278.967;30.9129
-143.88;278.466;30.95
-144.783;277.965;30.9878
-145.688;277.464;31.0254
-146.591;276.963;31.0569
-147.5;276.461;31.0984
-148.41;275.958;31.1314
-149.319;275.457;31.1696
-150.231;274.955;31.2084
-151.143;274.454;31.2445
-152.058;273.953;31.3369
-152.973;273.451;31.3195
-153.889;272.949;31.4115
-154.807;272.445;31.3942
-155.725;271.942;31.4857
-156.645;271.437;31.4685
-157.565;270.932;31.5059
-158.487;270.426;31.5973
-159.41;269.92;31.5801
-160.333;269.413;31.6174
-161.258;268.905;31.6546
-162.184;268.397;31.7448
-163.11;267.887;31.7278
-164.036;267.374;31.816
-164.963;266.86;31.7988
-165.891;266.345;31.836
-166.819;265.828;31.873
-167.748;265.31;31.9097
-168.677;264.791;31.947
-169.607;264.269;31.9839
-170.538;263.746;32.0208
-171.468;263.221;32.0565
-172.397;262.691;32.0891
-173.325;262.157;32.118
-174.252;261.62;32.1535
-175.18;261.08;32.1893
-176.107;260.538;32.2248
-177.034;259.993;32.2604
-177.96;259.444;32.2964
-178.885;258.891;32.3298
-179.808;258.333;32.3597
-180.728;257.769;32.3856
-181.645;257.197;32.4563
-182.56;256.621;32.488
-183.473;256.04;32.4643
-184.385;255.454;32.549
-185.295;254.864;32.527
-186.201;254.267;32.6035
-187.104;253.662;32.6249
-188.003;253.051;32.6006
-188.896;252.431;32.6141
-189.786;251.804;32.6909
-190.673;251.171;32.6635
-191.558;250.533;32.6916
-192.438;249.888;32.7746
-193.315;249.237;32.752
-194.19;248.58;32.7843
-195.06;247.917;32.818
-195.929;247.249;32.8529
-196.794;246.575;32.9431
-197.657;245.897;32.9254
-198.518;245.214;32.9627
-199.378;244.527;33.0004
-200.236;243.837;33.0908
-201.092;243.142;33.0737
-201.946;242.442;33.1522
-202.796;241.737;33.1335
-203.642;241.026;33.156
-204.483;240.308;33.1714
-205.317;239.582;33.1769
-206.144;238.847;33.1754
-206.963;238.103;33.1644
-207.773;237.35;33.1422
-208.573;236.586;33.148
-209.363;235.813;33.0727
-210.144;235.031;33.0402
-210.917;234.239;33.0153
-211.679;233.439;32.9929
-212.431;232.629;32.9754
-213.172;231.809;32.9635
-213.902;230.98;32.9579
-214.622;230.142;32.9585
-215.33;229.295;33.0174
-216.029;228.44;32.9777
-216.717;227.576;33.0012
-217.398;226.706;33.097
-218.072;225.829;33.125
-218.738;224.946;33.1659
-219.397;224.056;33.2217
-220.049;223.16;33.2078
-220.696;222.259;33.2924
-221.339;221.354;33.2924
-221.978;220.444;33.3349
-222.615;219.532;33.4194
-223.25;218.616;33.4194
-223.883;217.698;33.5195
-224.516;216.778;33.503
-225.149;215.856;33.5853
-225.781;214.932;33.6427
-226.413;214.006;33.6831
-227.046;213.08;33.6663
-227.679;212.151;33.7629
-228.313;211.222;33.7461
-228.947;210.292;33.7855
-229.582;209.36;33.8637
-230.218;208.427;33.9194
-230.855;207.494;33.9025
-231.493;206.559;33.9411
-232.131;205.624;33.9794
-232.771;204.687;34.0176
-233.411;203.75;34.0556
-234.052;202.811;34.0935
-234.693;201.872;34.1312
-235.336;200.932;34.1687
-235.979;199.99;34.2062
-236.624;199.048;34.2977
-237.269;198.105;34.3348
-237.914;197.161;34.3176
-238.56;196.215;34.3536
-239.203;195.266;34.4345
-239.844;194.314;34.417
-240.48;193.359;34.4416
-241.11;192.398;34.4584
-241.736;191.434;34.5334
-242.357;190.466;34.5037
-242.975;189.493;34.5274
-243.587;188.517;34.551
-244.194;187.536;34.5755
-244.794;186.55;34.5969
-245.387;185.559;34.6139
-245.97;184.562;34.6763
-246.547;183.56;34.6453
-247.118;182.554;34.7224
-247.683;181.543;34.6951
-248.241;180.528;34.7224
-248.793;179.509;34.7514
-249.339;178.485;34.7775
-249.876;177.456;34.7995
-250.405;176.422;34.8162
-250.925;175.384;34.8263
-251.435;174.34;34.828
-251.934;173.291;34.8192
-252.421;172.237;34.8034
-252.895;171.177;34.7786
-253.358;170.112;34.7557
-253.81;169.043;34.7364
-254.251;167.968;34.7247
-254.681;166.889;34.7153
-255.098;165.805;34.7097
-255.502;164.716;34.7029
-255.893;163.622;34.6931
-256.269;162.525;34.6786
-256.632;161.423;34.6761
-256.984;160.316;34.6928
-257.323;159.207;34.6928
-257.651;158.093;34.7081
-257.967;156.976;34.7279
-258.271;155.855;34.7459
-258.562;154.731;34.7603
-258.841;153.603;34.7696
-259.11;152.473;34.79
-259.369;151.34;34.8167
-259.619;150.203;34.8458
-259.86;149.065;34.8772
-260.092;147.923;34.9056
-260.313;146.779;34.9756
-260.524;145.632;34.9485
-260.725;144.483;34.9605
-260.916;143.332;34.9814
-261.1;142.179;35.0101
-261.277;141.023;35.0396
-261.446;139.865;35.0705
-261.607;138.706;35.1477
-261.758;137.544;35.1213
-261.898;136.38;35.1389
-262.029;135.215;35.1493
-262.15;134.048;35.168
-262.263;132.879;35.194
-262.37;131.709;35.2206
-262.466;130.537;35.244
-262.553;129.364;35.2627
-262.629;128.189;35.2755
-262.694;127.014;35.3169
-262.745;125.838;35.3081
-262.784;124.662;35.2616
-262.808;123.485;35.2388
-262.819;122.309;35.2476
-262.815;121.134;35.177
-262.799;119.958;35.1514
-262.77;118.782;35.1346
-262.728;117.607;35.1205
-262.672;116.432;35.111
-262.603;115.258;35.1066
-262.519;114.086;35.1016
-262.42;112.915;35.0939
-262.306;111.746;35.0818
-262.178;110.579;35.0821
-262.038;109.413;35.0912
-261.885;108.249;35.1051
-261.72;107.086;35.1743
-261.542;105.924;35.1404
-261.35;104.765;35.1538
-261.146;103.608;35.1619
-260.928;102.454;35.1991
-260.697;101.303;35.1569
-260.452;100.156;35.1408
-260.192;99.0116;35.1513
-259.918;97.8715;35.091
-259.63;96.7358;35.0551
-259.326;95.6048;35.042
-259.007;94.4792;34.9573
-258.673;93.3585;34.9069
-258.325;92.2427;34.8629
-257.963;91.1315;34.885
-257.587;90.0254;34.8023
-257.197;88.925;34.8347
-256.792;87.8303;34.7659
-256.373;86.7415;34.7581
-255.94;85.6587;34.7574
-255.494;84.5819;34.7634
-255.034;83.5109;34.7756
-254.562;82.4451;34.7996
-254.079;81.3836;34.836
-253.587;80.3257;34.8847
-253.084;79.2722;34.9306
-252.571;78.2228;34.974
-252.049;77.1769;35.018
-251.52;76.1337;35.0623
-250.984;75.0926;35.1668
-250.443;74.0529;35.1948
-249.897;73.0142;35.1948
-249.347;71.9761;35.2385
-248.794;70.9381;35.2817
-248.238;69.9;35.3245
-247.679;68.8622;35.3645
-247.115;67.8253;35.4015
-246.547;66.7898;35.4822
-245.973;65.7566;35.4628
-245.392;64.7267;35.4929
-244.802;63.7011;35.4929
-244.203;62.6806;35.5396
-243.594;61.6648;35.547
-242.977;60.6534;35.4952
-242.352;59.646;35.5509
-241.717;58.6444;35.5442
-241.071;57.6497;35.4889
-240.414;56.6628;35.4734
-239.744;55.6846;35.449
-239.064;54.714;35.4869
-238.374;53.7502;35.4276
-237.674;52.7936;35.4789
-236.963;51.8446;35.429
-236.242;50.9033;35.4368
-235.511;49.9702;35.4434
-234.769;49.0459;35.4468
-234.016;48.1307;35.4452
-233.254;47.2231;35.4552
-232.483;46.3225;35.5273
-231.703;45.4289;35.4938
-230.914;44.5421;35.5183
-230.117;43.662;35.5976
-229.312;42.7889;35.5709
-228.499;41.9233;35.5916
-227.676;41.0655;35.6067
-226.845;40.2159;35.666
-226.007;39.3729;35.6588
-225.162;38.5349;35.7122
-224.309;37.7034;35.6814
-223.449;36.8791;35.6994
-222.581;36.0629;35.7112
-221.705;35.2554;35.7154
-220.821;34.4551;35.728
-219.93;33.6606;35.7492
-219.033;32.8724;35.7716
-218.129;32.0918;35.7909
-217.217;31.3194;35.8057
-216.297;30.5559;35.868
-215.37;29.7996;35.8329
-214.437;29.0496;35.8564
-213.498;28.3062;35.9338
-212.552;27.5704;35.9043
-211.6;26.8428;35.9668
-210.64;26.124;35.9748
-209.673;25.4148;35.9392
-208.699;24.7133;35.9525
-207.72;24.0181;35.9743
-206.735;23.3307;35.9923
-205.743;22.6523;36.0055
-204.744;21.9835;36.0124
-203.739;21.3251;36.0467
-202.726;20.6781;36.0008
-201.706;20.0433;36.0093
-200.679;19.4211;35.9486
-199.645;18.8121;35.9095
-198.604;18.2156;35.9208
-197.556;17.6312;35.8408
-196.503;17.0579;35.872
-195.442;16.497;35.8484
-194.375;15.9496;35.8236
-193.302;15.4165;35.7959
-192.223;14.8984;35.7635
-191.137;14.3955;35.7387
-190.046;13.9068;35.6692
-188.95;13.4309;35.7129
-187.848;12.9682;35.709
-186.74;12.5187;35.7073
-185.628;12.0831;35.6597
-184.511;11.6617;35.6591
-183.389;11.2549;35.7059
-182.263;10.8607;35.6616
-181.132;10.4783;35.6778
-179.997;10.1075;35.6984
-178.858;9.74891;35.7321
-177.716;9.40293;35.7321
-176.569;9.06703;35.8166
-175.419;8.74105;35.7893
-174.266;8.42453;35.8564
-173.109;8.11691;35.9144
-171.949;7.81754;35.8929
-170.786;7.52574;35.989
-169.621;7.24082;36.028
-168.453;6.96207;36.009
-167.282;6.69;36.0448
-166.109;6.42516;36.0763
-164.933;6.16805;36.1026
-163.755;5.91953;36.1226
-162.574;5.67758;36.1505
-161.391;5.44031;36.1837
-160.205;5.20848;36.2164
-159.018;4.98379;36.2453
-157.828;4.76734;36.2693
-156.635;4.55656;36.3335
-155.441;4.3518;36.3335
-154.245;4.15305;36.4225
-153.046;3.96016;36.4001
-151.846;3.77285;36.4346
-150.643;3.59082;36.4697
-149.439;3.41363;36.5053
-148.233;3.24094;36.5414
-147.025;3.0723;36.5777
-145.816;2.9073;36.6142
-144.604;2.74691;36.6477
-143.392;2.59203;36.6775
-142.177;2.44352;36.7026
-140.961;2.29906;36.7348
-139.743;2.15785;36.7683
-138.524;2.02039;36.8349
-137.303;1.88695;36.8349
-136.081;1.75758;36.8685
-134.857;1.63355;36.8991
-133.632;1.51578;36.9807
-132.405;1.40156;36.9588
-131.176;1.29125;36.9917
-129.947;1.18484;37.0788
-128.715;1.08227;37.1122
-127.483;0.983437;37.1458
-126.249;0.888047;37.126
-125.013;0.795898;37.1602
-123.777;0.70668;37.1945
-122.538;0.620078;37.229
-121.299;0.535898;37.3172
-120.059;0.453867;37.3517
-118.817;0.373633;37.3862
-117.574;0.295039;37.3671
-116.329;0.217852;37.455
-115.084;0.141875;37.4359
-113.837;0.0669141;37.4702
-112.589;-0.0071875;37.5043
-111.34;-0.0791406;37.5368
-110.09;-0.147656;37.6005
-108.838;-0.215625;37.6005
-107.585;-0.2825;37.634
-106.331;-0.34793;37.7202
-105.076;-0.411836;37.7005
-103.82;-0.47418;37.7865
-102.563;-0.534961;37.7669
-101.304;-0.594258;37.8001
-100.044;-0.652187;37.8332
-98.7832;-0.708828;37.8664
-97.5211;-0.764336;37.9521
-96.2578;-0.81875;37.9657
-94.9934;-0.872266;37.9657
-93.7279;-0.924961;38.0512
-92.4613;-0.976914;38.0841
-91.1935;-1.02824;38.117
-89.9246;-1.07902;38.0975
-88.6546;-1.12934;38.1303
-87.3835;-1.1793;38.1631
-86.1112;-1.22887;38.1958
-84.8379;-1.2782;38.2284
-83.5635;-1.32734;38.3133
-82.288;-1.37629;38.2936
-81.0114;-1.42508;38.3261
-79.7337;-1.47379;38.3586
-78.4549;-1.52242;38.391
-77.1751;-1.57102;38.4234
-75.8942;-1.61953;38.5077
-74.6122;-1.66809;38.54
-73.3291;-1.71656;38.5202
-72.045;-1.76508;38.6043
-70.7597;-1.81359;38.6166
-69.4734;-1.86215;38.6166
-68.1861;-1.90922;38.6476
-66.8976;-1.95344;38.6761
-65.6081;-1.99762;38.7602
-64.3175;-2.04105;38.7398
-63.0258;-2.08336;38.7713
-61.733;-2.12434;38.8546
-60.4391;-2.16387;38.886
-59.1441;-2.20195;38.8657
-57.848;-2.23859;38.8971
-56.5508;-2.27387;38.9287
-55.2526;-2.30785;39.012
-53.9533;-2.34063;38.9918
-52.6529;-2.3723;39.0751
-51.3514;-2.40297;39.0549
-50.0489;-2.43273;39.1382
-48.7452;-2.46168;39.1698
-47.4406;-2.48988;39.2013
-46.1348;-2.5175;39.2328
-44.828;-2.54453;39.2125
-43.5202;-2.57113;39.244
-42.2113;-2.5973;39.3068
-40.9013;-2.62312;39.3068
-39.5903;-2.64715;39.3643
-38.2784;-2.66809;39.3643
-36.9655;-2.68449;39.3878
-35.6517;-2.69859;39.469
-34.3367;-2.7109;39.4977
-33.0208;-2.72051;39.503
-31.7038;-2.72695;39.5543
-30.3859;-2.72996;39.5316
-29.067;-2.72945;39.6118
-27.7471;-2.72547;39.641
-26.4263;-2.71812;39.6193
-25.1046;-2.70754;39.6491
-23.7819;-2.69395;39.7306
-22.4582;-2.67746;39.7096
-21.1335;-2.65988;39.7412
-19.8078;-2.63984;39.7721
-18.4812;-2.61785;39.8549
-17.1536;-2.59426;39.8861
-15.8249;-2.56934;39.9172
-14.4953;-2.5434;39.8966
-13.1646;-2.5166;39.9794
-11.833;-2.48914;39.9587
-10.5003;-2.46117;39.9897
-9.16658;-2.43277;40.0206
-7.83185;-2.40406;40.0823
-6.4961;-2.37516;40.0823
-5.15932;-2.34605;40.1131
-3.82152;-2.31684;40.1438
-2.4827;-2.28754;40.226
